0 0 0
0 1 0
2 0 0
4 1 0
5 2 0
5 3 0
3 3 0
1 2 0
0 0 1
0 1 1
1 0 1
3 1 1
9 7 1
9 8 1
8 8 1
6 7 1

0 0 0
0 1 0
2 0 0
4 1 0
5 2 0
5 3 0
3 3 0
1 2 0
0 0 1
0 1 1
1 0 1
5 2 1
6 3 1
6 4 1
5 4 1
1 2 1

0 0 0
0 1 0
2 0 0
4 1 0
5 2 0
5 3 0
3 3 0
1 2 0
0 0 1
0 1 1
1 0 1
5 2 1
6 3 1
6 4 1
4 4 1
2 3 1

0 0 0
0 1 0
2 0 0
4 1 0
5 2 0
5 3 0
3 3 0
1 2 0
0 0 1
0 1 1
1 0 1
5 2 1
6 3 1
6 5 1
5 5 1
3 4 1

0 0 0
0 1 0
2 0 0
4 1 0
5 2 0
5 3 0
3 3 0
1 2 0
0 0 1
0 1 1
1 0 1
5 2 1
7 4 1
7 5 1
6 5 1
2 3 1

0 0 0
0 1 0
2 0 0
4 1 0
5 2 0
5 3 0
3 3 0
1 2 0
0 0 1
0 1 1
1 0 1
5 2 1
7 4 1
7 5 1
5 5 1
3 4 1

0 0 0
0 1 0
2 0 0
4 1 0
5 2 0
5 3 0
3 3 0
1 2 0
0 0 1
0 1 1
1 0 1
5 2 1
7 4 1
7 6 1
6 6 1
4 5 1

0 0 0
0 1 0
2 0 0
4 1 0
5 2 0
5 3 0
3 3 0
1 2 0
0 0 1
0 1 1
1 0 1
5 2 1
8 5 1
8 6 1
7 6 1
3 4 1

0 0 0
0 1 0
2 0 0
4 1 0
5 2 0
5 3 0
3 3 0
1 2 0
0 0 1
0 1 1
1 0 1
5 2 1
8 5 1
8 6 1
6 6 1
4 5 1

0 0 0
0 1 0
2 0 0
4 1 0
5 2 0
5 3 0
3 3 0
1 2 0
0 0 1
0 1 1
1 0 1
5 2 1
8 5 1
8 7 1
7 7 1
5 6 1

0 0 0
0 1 0
2 0 0
4 1 0
5 2 0
5 3 0
3 3 0
1 2 0
0 0 1
0 1 1
1 0 1
5 2 1
9 6 1
9 7 1
8 7 1
4 5 1

0 0 0
0 1 0
2 0 0
4 1 0
5 2 0
5 3 0
3 3 0
1 2 0
0 0 1
0 1 1
1 0 1
5 2 1
9 6 1
9 7 1
7 7 1
5 6 1

0 0 0
0 1 0
2 0 0
4 1 0
5 2 0
5 3 0
3 3 0
1 2 0
0 0 1
0 1 1
1 0 1
7 3 1
8 4 1
8 5 1
7 5 1
1 2 1

0 0 0
0 1 0
2 0 0
4 1 0
5 2 0
5 3 0
3 3 0
1 2 0
0 0 1
0 1 1
1 0 1
7 3 1
8 4 1
8 5 1
6 5 1
2 3 1

0 0 0
0 1 0
2 0 0
4 1 0
5 2 0
5 3 0
3 3 0
1 2 0
0 0 1
0 1 1
1 0 1
7 3 1
8 4 1
8 5 1
5 5 1
3 4 1

0 0 0
0 1 0
2 0 0
4 1 0
5 2 0
5 3 0
3 3 0
1 2 0
0 0 1
0 1 1
1 0 1
7 3 1
8 4 1
8 6 1
7 6 1
3 4 1

0 0 0
0 1 0
2 0 0
4 1 0
5 2 0
5 3 0
3 3 0
1 2 0
0 0 1
0 1 1
1 0 1
7 3 1
8 4 1
8 6 1
6 6 1
4 5 1

0 0 0
0 1 0
2 0 0
4 1 0
5 2 0
5 3 0
3 3 0
1 2 0
0 0 1
0 1 1
1 0 1
7 3 1
8 4 1
8 7 1
7 7 1
5 6 1

0 0 0
0 1 0
2 0 0
4 1 0
5 2 0
5 3 0
3 3 0
1 2 0
0 0 1
0 1 1
1 0 1
7 3 1
9 5 1
9 6 1
8 6 1
2 3 1

0 0 0
0 1 0
2 0 0
4 1 0
5 2 0
5 3 0
3 3 0
1 2 0
0 0 1
0 1 1
1 0 1
7 3 1
9 5 1
9 6 1
7 6 1
3 4 1

0 0 0
0 1 0
2 0 0
4 1 0
5 2 0
5 3 0
3 3 0
1 2 0
0 0 1
0 1 1
1 0 1
7 3 1
9 5 1
9 6 1
6 6 1
4 5 1

0 0 0
0 1 0
2 0 0
4 1 0
5 2 0
5 3 0
3 3 0
1 2 0
0 0 1
0 1 1
1 0 1
7 3 1
10 6 1
10 7 1
9 7 1
3 4 1

0 0 0
0 1 0
2 0 0
4 1 0
5 2 0
5 3 0
3 3 0
1 2 0
0 0 1
0 1 1
1 0 1
9 4 1
10 5 1
10 6 1
9 6 1
1 2 1

0 0 0
0 1 0
2 0 0
4 1 0
5 2 0
5 3 0
3 3 0
1 2 0
0 0 1
0 1 1
1 0 1
9 4 1
10 5 1
10 6 1
8 6 1
2 3 1

0 0 0
0 1 0
2 0 0
4 1 0
5 2 0
5 3 0
3 3 0
1 2 0
0 0 1
0 1 1
1 0 1
9 4 1
10 5 1
10 6 1
7 6 1
3 4 1

0 0 0
0 1 0
2 0 0
4 1 0
5 2 0
5 3 0
3 3 0
1 2 0
0 0 1
0 1 1
1 0 1
9 4 1
11 6 1
11 7 1
10 7 1
2 3 1

0 0 0
0 1 0
2 0 0
4 1 0
5 2 0
5 3 0
3 3 0
1 2 0
0 0 1
0 1 1
1 0 1
11 5 1
12 6 1
12 7 1
11 7 1
1 2 1

0 0 0
0 1 0
2 0 0
4 1 0
5 2 0
5 3 0
3 3 0
1 2 0
0 0 1
0 1 1
2 0 1
4 1 1
5 2 1
5 3 1
3 3 1
1 2 1

0 0 0
0 1 0
2 0 0
4 1 0
5 2 0
5 3 0
3 3 0
1 2 0
0 0 1
0 1 1
2 0 1
4 1 1
6 3 1
6 4 1
4 4 1
2 3 1

0 0 0
0 1 0
2 0 0
4 1 0
5 2 0
5 3 0
3 3 0
1 2 0
0 0 1
0 1 1
2 0 1
4 1 1
7 4 1
7 5 1
5 5 1
3 4 1

0 0 0
0 1 0
2 0 0
4 1 0
5 2 0
5 3 0
3 3 0
1 2 0
0 0 1
0 1 1
2 0 1
4 1 1
8 5 1
8 6 1
6 6 1
4 5 1

0 0 0
0 1 0
2 0 0
4 1 0
5 2 0
5 3 0
3 3 0
1 2 0
0 0 1
0 1 1
2 0 1
6 2 1
7 3 1
7 4 1
5 4 1
1 2 1

0 0 0
0 1 0
2 0 0
4 1 0
5 2 0
5 3 0
3 3 0
1 2 0
0 0 1
0 1 1
2 0 1
6 2 1
7 3 1
7 4 1
4 4 1
2 3 1

0 0 0
0 1 0
2 0 0
4 1 0
5 2 0
5 3 0
3 3 0
1 2 0
0 0 1
0 1 1
2 0 1
6 2 1
7 3 1
7 5 1
6 5 1
2 3 1

0 0 0
0 1 0
2 0 0
4 1 0
5 2 0
5 3 0
3 3 0
1 2 0
0 0 1
0 1 1
2 0 1
6 2 1
7 3 1
7 5 1
5 5 1
3 4 1

0 0 0
0 1 0
2 0 0
4 1 0
5 2 0
5 3 0
3 3 0
1 2 0
0 0 1
0 1 1
2 0 1
6 2 1
8 4 1
8 5 1
6 5 1
2 3 1

0 0 0
0 1 0
2 0 0
4 1 0
5 2 0
5 3 0
3 3 0
1 2 0
0 0 1
0 1 1
2 0 1
6 2 1
8 4 1
8 5 1
5 5 1
3 4 1

0 0 0
0 1 0
2 0 0
4 1 0
5 2 0
5 3 0
3 3 0
1 2 0
0 0 1
0 1 1
2 0 1
6 2 1
8 4 1
8 6 1
7 6 1
3 4 1

0 0 0
0 1 0
2 0 0
4 1 0
5 2 0
5 3 0
3 3 0
1 2 0
0 0 1
0 1 1
2 0 1
6 2 1
8 4 1
8 6 1
6 6 1
4 5 1

0 0 0
0 1 0
2 0 0
4 1 0
5 2 0
5 3 0
3 3 0
1 2 0
0 0 1
0 1 1
2 0 1
6 2 1
9 5 1
9 6 1
7 6 1
3 4 1

0 0 0
0 1 0
2 0 0
4 1 0
5 2 0
5 3 0
3 3 0
1 2 0
0 0 1
0 1 1
2 0 1
8 3 1
9 4 1
9 5 1
7 5 1
1 2 1

0 0 0
0 1 0
2 0 0
4 1 0
5 2 0
5 3 0
3 3 0
1 2 0
0 0 1
0 1 1
2 0 1
8 3 1
9 4 1
9 5 1
6 5 1
2 3 1

0 0 0
0 1 0
2 0 0
4 1 0
5 2 0
5 3 0
3 3 0
1 2 0
0 0 1
0 1 1
2 0 1
8 3 1
9 4 1
9 5 1
5 5 1
3 4 1

0 0 0
0 1 0
2 0 0
4 1 0
5 2 0
5 3 0
3 3 0
1 2 0
0 0 1
0 1 1
2 0 1
8 3 1
9 4 1
9 6 1
8 6 1
2 3 1

0 0 0
0 1 0
2 0 0
4 1 0
5 2 0
5 3 0
3 3 0
1 2 0
0 0 1
0 1 1
2 0 1
10 4 1
11 5 1
11 6 1
9 6 1
1 2 1

0 0 0
0 1 0
2 0 0
4 1 0
5 2 0
5 3 0
3 3 0
1 2 0
0 0 1
0 1 1
3 0 1
5 1 1
6 2 1
6 3 1
3 3 1
1 2 1

0 0 0
0 1 0
2 0 0
4 1 0
5 2 0
5 3 0
3 3 0
1 2 0
0 0 1
0 1 1
3 0 1
5 1 1
6 2 1
6 4 1
5 4 1
1 2 1

0 0 0
0 1 0
2 0 0
4 1 0
5 2 0
5 3 0
3 3 0
1 2 0
0 0 1
0 1 1
3 0 1
5 1 1
7 3 1
7 4 1
4 4 1
2 3 1

0 0 0
0 1 0
2 0 0
4 1 0
5 2 0
5 3 0
3 3 0
1 2 0
0 0 1
0 1 1
3 0 1
5 1 1
7 3 1
7 5 1
6 5 1
2 3 1

0 0 0
0 1 0
2 0 0
4 1 0
5 2 0
5 3 0
3 3 0
1 2 0
0 0 1
0 1 1
3 0 1
5 1 1
8 4 1
8 5 1
5 5 1
3 4 1

