0 0 0
0 1 0
3 0 0
1 1 0
0 0 1
0 1 9
3 0 10
1 1 12

0 0 0
0 1 0
3 0 0
1 1 0
0 0 1
0 1 10
3 0 1
1 1 10

0 0 0
0 1 0
3 0 0
1 1 0
0 0 1
0 1 10
3 0 4
1 1 11

0 0 0
0 1 0
3 0 0
1 1 0
0 0 1
0 1 10
3 0 7
1 1 12

0 0 0
0 1 0
3 0 0
1 1 0
0 0 1
0 1 11
3 0 1
1 1 11

0 0 0
0 1 0
3 0 0
1 1 0
0 0 1
0 1 11
3 0 4
1 1 12

0 0 0
0 1 0
3 0 0
1 1 0
0 0 1
0 1 11
3 0 7
1 1 13

0 0 0
0 1 0
3 0 0
1 1 0
0 0 1
0 1 12
3 0 1
1 1 12

0 0 0
0 1 0
3 0 0
1 1 0
0 0 1
0 1 12
3 0 4
1 1 13

0 0 0
0 1 0
3 0 0
1 1 0
0 0 1
0 1 12
3 0 7
1 1 14

0 0 0
0 1 0
3 0 0
1 1 0
0 0 1
0 1 13
3 0 1
1 1 13

0 0 0
0 1 0
3 0 0
1 1 0
0 0 1
0 1 13
3 0 4
1 1 14

0 0 0
0 1 0
3 0 0
1 1 0
0 0 1
0 1 13
3 0 7
1 1 15

0 0 0
0 1 0
3 0 0
1 1 0
0 0 1
0 1 14
3 0 1
1 1 14

0 0 0
0 1 0
3 0 0
1 1 0
0 0 1
0 1 14
3 0 4
1 1 15

0 0 0
0 1 0
3 0 0
1 1 0
0 0 1
0 1 15
3 0 1
1 1 15

0 0 0
0 1 0
3 0 0
1 1 0
0 0 1
0 1 15
3 0 4
1 1 16

0 0 0
0 1 0
3 0 0
1 1 0
0 0 1
0 1 16
3 0 1
1 1 16

0 0 0
0 1 0
3 0 0
1 1 0
0 0 1
0 1 16
3 0 4
1 1 17

0 0 0
0 1 0
3 0 0
1 1 0
0 0 1
0 1 17
3 0 1
1 1 17

0 0 0
0 1 0
3 0 0
1 1 0
0 0 1
0 1 18
3 0 1
1 1 18

0 0 0
0 1 0
3 0 0
1 1 0
0 0 1
0 1 19
3 0 1
1 1 19

0 0 0
0 1 0
3 0 0
1 1 0
0 0 1
0 1 20
3 0 1
1 1 20

0 0 0
0 1 0
3 0 0
1 1 0
0 0 1
0 3 1
9 0 1
3 3 1

0 0 0
0 1 0
3 0 0
1 1 0
0 0 1
0 3 1
10 0 1
4 3 1

0 0 0
0 1 0
3 0 0
1 1 0
0 0 1
0 3 1
11 0 1
5 3 1

0 0 0
0 1 0
3 0 0
1 1 0
0 0 1
0 3 1
12 0 1
6 3 1

0 0 0
0 1 0
3 0 0
1 1 0
0 0 1
0 3 1
13 0 1
7 3 1

0 0 0
0 1 0
3 0 0
1 1 0
0 0 1
0 4 1
11 0 1
3 4 1

0 0 0
0 1 0
3 0 0
1 1 0
0 0 2
0 1 2
3 0 2
1 1 2

0 0 0
0 1 0
3 0 0
1 1 0
0 0 2
0 1 2
5 0 2
3 1 2

0 0 0
0 1 0
3 0 0
1 1 0
0 0 2
0 1 2
7 0 2
5 1 2

0 0 0
0 1 0
3 0 0
1 1 0
0 0 2
0 1 2
9 0 2
7 1 2

0 0 0
0 1 0
3 0 0
1 1 0
0 0 2
0 1 2
11 0 2
9 1 2

0 0 0
0 1 0
3 0 0
1 1 0
0 0 2
0 1 2
13 0 2
11 1 2

0 0 0
0 1 0
3 0 0
1 1 0
0 0 2
0 1 2
3 0 5
1 1 3

0 0 0
0 1 0
3 0 0
1 1 0
0 0 2
0 1 2
3 0 8
1 1 4

0 0 0
0 1 0
3 0 0
1 1 0
0 0 2
0 1 2
3 0 11
1 1 5

0 0 0
0 1 0
3 0 0
1 1 0
0 0 2
0 1 2
3 0 14
1 1 6

0 0 0
0 1 0
3 0 0
1 1 0
0 0 2
0 1 3
3 0 2
1 1 3

0 0 0
0 1 0
3 0 0
1 1 0
0 0 2
0 1 3
5 0 2
4 1 3

0 0 0
0 1 0
3 0 0
1 1 0
0 0 2
0 1 3
7 0 2
7 1 3

0 0 0
0 1 0
3 0 0
1 1 0
0 0 2
0 1 3
9 0 2
10 1 3

0 0 0
0 1 0
3 0 0
1 1 0
0 0 2
0 1 3
3 0 5
1 1 4

0 0 0
0 1 0
3 0 0
1 1 0
0 0 2
0 1 3
3 0 8
1 1 5

0 0 0
0 1 0
3 0 0
1 1 0
0 0 2
0 1 3
3 0 11
1 1 6

0 0 0
0 1 0
3 0 0
1 1 0
0 0 2
0 1 3
3 0 14
1 1 7

0 0 0
0 1 0
3 0 0
1 1 0
0 0 2
0 1 4
3 0 2
1 1 4

0 0 0
0 1 0
3 0 0
1 1 0
0 0 2
0 1 4
5 0 2
5 1 4

0 0 0
0 1 0
3 0 0
1 1 0
0 0 2
0 1 4
7 0 2
9 1 4

