0 0 0
0 1 0
7 0 0
5 1 0
2 2 0
1 2 0
0 0 1
3 0 2
1 0 2
3 1 1

0 0 0
0 1 0
7 0 0
5 1 0
2 2 0
1 2 0
0 0 1
5 0 2
1 0 2
4 1 1

0 0 0
0 1 0
7 0 0
5 1 0
2 2 0
1 2 0
0 0 1
7 0 2
1 0 2
5 1 1

0 0 0
0 1 0
7 0 0
5 1 0
2 2 0
1 2 0
0 0 1
9 0 2
1 0 2
6 1 1

0 0 0
0 1 0
7 0 0
5 1 0
2 2 0
1 2 0
0 0 1
11 0 2
1 0 2
7 1 1

0 0 0
0 1 0
7 0 0
5 1 0
2 2 0
1 2 0
0 0 1
13 0 2
1 0 2
8 1 1

0 0 0
0 1 0
9 0 0
6 1 0
2 2 0
1 2 0
0 0 1
3 0 2
1 0 2
3 1 1

0 0 0
0 1 0
9 0 0
6 1 0
2 2 0
1 2 0
0 0 1
5 0 2
1 0 2
4 1 1

0 0 0
0 1 0
9 0 0
6 1 0
2 2 0
1 2 0
0 0 1
7 0 2
1 0 2
5 1 1

0 0 0
0 1 0
9 0 0
6 1 0
2 2 0
1 2 0
0 0 1
9 0 2
1 0 2
6 1 1

0 0 0
0 1 0
9 0 0
6 1 0
2 2 0
1 2 0
0 0 1
11 0 2
1 0 2
7 1 1

0 0 0
0 1 0
11 0 0
7 1 0
2 2 0
1 2 0
0 0 1
3 0 2
1 0 2
3 1 1

0 0 0
0 1 0
11 0 0
7 1 0
2 2 0
1 2 0
0 0 1
5 0 2
1 0 2
4 1 1

0 0 0
0 1 0
11 0 0
7 1 0
2 2 0
1 2 0
0 0 1
7 0 2
1 0 2
5 1 1

0 0 0
0 1 0
11 0 0
7 1 0
2 2 0
1 2 0
0 0 1
9 0 2
1 0 2
6 1 1

0 0 0
0 1 0
13 0 0
8 1 0
2 2 0
1 2 0
0 0 1
3 0 2
1 0 2
3 1 1

0 0 0
0 1 0
13 0 0
8 1 0
2 2 0
1 2 0
0 0 1
5 0 2
1 0 2
4 1 1

0 0 0
0 1 0
13 0 0
8 1 0
2 2 0
1 2 0
0 0 1
7 0 2
1 0 2
5 1 1

0 0 0
0 1 0
15 0 0
9 1 0
2 2 0
1 2 0
0 0 1
3 0 2
1 0 2
3 1 1

0 0 0
0 1 0
15 0 0
9 1 0
2 2 0
1 2 0
0 0 1
5 0 2
1 0 2
4 1 1

0 0 0
0 1 0
17 0 0
10 1 0
2 2 0
1 2 0
0 0 1
3 0 2
1 0 2
3 1 1

0 0 0
0 1 0
1 0 0
4 3 0
3 3 0
1 2 0
0 0 1
5 0 4
1 0 2
5 3 1

0 0 0
0 1 0
3 0 0
3 4 0
2 4 0
1 3 0
0 0 1
3 0 5
1 0 3
3 4 1

0 0 0
0 1 0
1 0 0
6 5 0
4 4 0
1 2 0
0 0 1
7 0 6
1 0 2
7 5 1

0 0 0
0 1 0
2 0 0
5 3 0
3 3 0
1 2 0
0 0 1
7 0 5
1 0 2
7 3 2

0 0 0
0 1 0
2 0 0
3 1 0
3 2 0
1 2 0
0 0 1
2 0 2
1 0 2
3 1 1

0 0 0
0 1 0
2 0 0
3 1 0
3 2 0
1 2 0
0 0 1
4 0 2
1 0 2
4 1 1

0 0 0
0 1 0
2 0 0
3 1 0
3 2 0
1 2 0
0 0 1
6 0 2
1 0 2
5 1 1

0 0 0
0 1 0
2 0 0
3 1 0
3 2 0
1 2 0
0 0 1
8 0 2
1 0 2
6 1 1

0 0 0
0 1 0
2 0 0
3 1 0
3 2 0
1 2 0
0 0 1
10 0 2
1 0 2
7 1 1

0 0 0
0 1 0
2 0 0
3 1 0
3 2 0
1 2 0
0 0 1
12 0 2
1 0 2
8 1 1

0 0 0
0 1 0
2 0 0
3 1 0
3 2 0
1 2 0
0 0 1
14 0 2
1 0 2
9 1 1

0 0 0
0 1 0
2 0 0
3 1 0
3 2 0
1 2 0
0 0 1
16 0 2
1 0 2
10 1 1

0 0 0
0 1 0
2 0 0
3 1 0
3 2 0
1 2 0
0 0 1
18 0 2
1 0 2
11 1 1

0 0 0
0 1 0
4 0 0
4 1 0
3 2 0
1 2 0
0 0 1
2 0 2
1 0 2
3 1 1

0 0 0
0 1 0
4 0 0
4 1 0
3 2 0
1 2 0
0 0 1
4 0 2
1 0 2
4 1 1

0 0 0
0 1 0
4 0 0
4 1 0
3 2 0
1 2 0
0 0 1
6 0 2
1 0 2
5 1 1

0 0 0
0 1 0
4 0 0
4 1 0
3 2 0
1 2 0
0 0 1
8 0 2
1 0 2
6 1 1

0 0 0
0 1 0
4 0 0
4 1 0
3 2 0
1 2 0
0 0 1
10 0 2
1 0 2
7 1 1

0 0 0
0 1 0
4 0 0
4 1 0
3 2 0
1 2 0
0 0 1
12 0 2
1 0 2
8 1 1

0 0 0
0 1 0
4 0 0
4 1 0
3 2 0
1 2 0
0 0 1
14 0 2
1 0 2
9 1 1

0 0 0
0 1 0
4 0 0
4 1 0
3 2 0
1 2 0
0 0 1
16 0 2
1 0 2
10 1 1

0 0 0
0 1 0
6 0 0
5 1 0
3 2 0
1 2 0
0 0 1
2 0 2
1 0 2
3 1 1

0 0 0
0 1 0
6 0 0
5 1 0
3 2 0
1 2 0
0 0 1
4 0 2
1 0 2
4 1 1

0 0 0
0 1 0
6 0 0
5 1 0
3 2 0
1 2 0
0 0 1
6 0 2
1 0 2
5 1 1

0 0 0
0 1 0
6 0 0
5 1 0
3 2 0
1 2 0
0 0 1
8 0 2
1 0 2
6 1 1

0 0 0
0 1 0
6 0 0
5 1 0
3 2 0
1 2 0
0 0 1
10 0 2
1 0 2
7 1 1

0 0 0
0 1 0
6 0 0
5 1 0
3 2 0
1 2 0
0 0 1
12 0 2
1 0 2
8 1 1

0 0 0
0 1 0
6 0 0
5 1 0
3 2 0
1 2 0
0 0 1
14 0 2
1 0 2
9 1 1

0 0 0
0 1 0
8 0 0
6 1 0
3 2 0
1 2 0
0 0 1
2 0 2
1 0 2
3 1 1

