0 0 0
0 1 0
10 0 0
10 2 0
1 2 0
0 0 1
0 2 1
3 0 1
3 4 1
2 4 1

0 0 0
0 1 0
11 0 0
11 2 0
1 2 0
0 0 1
0 1 1
3 0 1
3 3 1
2 3 1

0 0 0
0 1 0
11 0 0
11 2 0
1 2 0
0 0 1
0 2 1
3 0 1
3 3 1
1 3 1

0 0 0
0 1 0
3 0 0
3 3 0
2 3 0
0 0 1
0 1 1
3 0 1
3 3 1
2 3 1

0 0 0
0 1 0
3 0 0
3 3 0
2 3 0
0 0 1
0 1 1
4 0 1
4 3 1
2 3 1

0 0 0
0 1 0
3 0 0
3 3 0
2 3 0
0 0 1
0 1 1
4 0 1
4 4 1
3 4 1

0 0 0
0 1 0
3 0 0
3 3 0
2 3 0
0 0 1
0 1 1
5 0 1
5 3 1
2 3 1

0 0 0
0 1 0
3 0 0
3 3 0
2 3 0
0 0 1
0 1 1
5 0 1
5 4 1
3 4 1

0 0 0
0 1 0
3 0 0
3 3 0
2 3 0
0 0 1
0 1 1
5 0 1
5 5 1
4 5 1

0 0 0
0 1 0
3 0 0
3 3 0
2 3 0
0 0 1
0 1 1
6 0 1
6 3 1
2 3 1

0 0 0
0 1 0
3 0 0
3 3 0
2 3 0
0 0 1
0 1 1
6 0 1
6 4 1
3 4 1

0 0 0
0 1 0
3 0 0
3 3 0
2 3 0
0 0 1
0 1 1
6 0 1
6 5 1
4 5 1

0 0 0
0 1 0
3 0 0
3 3 0
2 3 0
0 0 1
0 1 1
6 0 1
6 6 1
5 6 1

0 0 0
0 1 0
3 0 0
3 3 0
2 3 0
0 0 1
0 1 1
7 0 1
7 3 1
2 3 1

0 0 0
0 1 0
3 0 0
3 3 0
2 3 0
0 0 1
0 1 1
7 0 1
7 4 1
3 4 1

0 0 0
0 1 0
3 0 0
3 3 0
2 3 0
0 0 1
0 1 1
8 0 1
8 3 1
2 3 1

0 0 0
0 1 0
3 0 0
3 3 0
2 3 0
0 0 1
0 1 1
9 0 1
9 3 1
2 3 1

0 0 0
0 1 0
3 0 0
3 3 0
2 3 0
0 0 1
0 1 1
3 0 4
3 3 4
2 3 3

0 0 0
0 1 0
3 0 0
3 3 0
2 3 0
0 0 1
0 1 2
3 0 1
3 3 4
2 3 4

0 0 0
0 1 0
3 0 0
3 3 0
2 3 0
0 0 1
0 2 1
3 0 1
3 3 1
1 3 1

0 0 0
0 1 0
3 0 0
3 3 0
2 3 0
0 0 1
0 2 1
4 0 1
4 3 1
1 3 1

0 0 0
0 1 0
3 0 0
3 3 0
2 3 0
0 0 1
0 2 1
4 0 1
4 4 1
2 4 1

0 0 0
0 1 0
3 0 0
3 3 0
2 3 0
0 0 1
0 2 1
5 0 1
5 3 1
1 3 1

0 0 0
0 1 0
3 0 0
3 3 0
2 3 0
0 0 1
0 2 1
5 0 1
5 4 1
2 4 1

0 0 0
0 1 0
3 0 0
3 3 0
2 3 0
0 0 1
0 2 1
5 0 1
5 5 1
3 5 1

0 0 0
0 1 0
3 0 0
3 3 0
2 3 0
0 0 1
0 2 1
6 0 1
6 3 1
1 3 1

0 0 0
0 1 0
3 0 0
3 3 0
2 3 0
0 0 1
0 2 1
6 0 1
6 4 1
2 4 1

0 0 0
0 1 0
3 0 0
3 3 0
2 3 0
0 0 1
0 2 1
6 0 1
6 5 1
3 5 1

0 0 0
0 1 0
3 0 0
3 3 0
2 3 0
0 0 1
0 2 1
7 0 1
7 3 1
1 3 1

0 0 0
0 1 0
3 0 0
3 3 0
2 3 0
0 0 1
0 2 1
7 0 1
7 4 1
2 4 1

0 0 0
0 1 0
3 0 0
3 3 0
2 3 0
0 0 1
0 2 1
8 0 1
8 3 1
1 3 1

0 0 0
0 1 0
3 0 0
3 3 0
2 3 0
0 0 1
0 3 1
4 0 1
4 4 1
1 4 1

0 0 0
0 1 0
3 0 0
3 3 0
2 3 0
0 0 1
0 3 1
5 0 1
5 4 1
1 4 1

0 0 0
0 1 0
3 0 0
3 3 0
2 3 0
0 0 1
0 3 1
5 0 1
5 5 1
2 5 1

0 0 0
0 1 0
3 0 0
3 3 0
2 3 0
0 0 1
0 3 1
6 0 1
6 4 1
1 4 1

0 0 0
0 1 0
3 0 0
3 3 0
2 3 0
0 0 1
0 4 1
5 0 1
5 5 1
1 5 1

0 0 0
0 1 0
3 0 0
3 3 0
2 3 0
0 0 2
0 1 1
3 0 5
3 3 2
2 3 1

0 0 0
0 1 0
3 0 0
3 3 0
2 3 0
0 0 2
0 1 2
3 0 2
3 3 2
2 3 2

0 0 0
0 1 0
6 0 0
3 3 0
2 3 0
0 0 1
0 1 1
6 0 1
3 3 1
2 3 1

0 0 0
0 1 0
6 0 0
3 3 0
2 3 0
0 0 1
0 1 1
7 0 1
4 3 1
2 3 1

0 0 0
0 1 0
6 0 0
3 3 0
2 3 0
0 0 1
0 1 1
8 0 1
5 3 1
2 3 1

0 0 0
0 1 0
6 0 0
3 3 0
2 3 0
0 0 1
0 1 1
8 0 1
4 4 1
3 4 1

0 0 0
0 1 0
6 0 0
3 3 0
2 3 0
0 0 1
0 1 1
9 0 1
6 3 1
2 3 1

0 0 0
0 1 0
6 0 0
3 3 0
2 3 0
0 0 1
0 2 1
6 0 1
3 3 1
1 3 1

0 0 0
0 1 0
6 0 0
3 3 0
2 3 0
0 0 1
0 2 1
7 0 1
4 3 1
1 3 1

0 0 0
0 1 0
6 0 0
3 3 0
2 3 0
0 0 1
0 2 1
7 0 1
3 4 1
2 4 1

0 0 0
0 1 0
6 0 0
3 3 0
2 3 0
0 0 1
0 2 1
8 0 1
5 3 1
1 3 1

0 0 0
0 1 0
6 0 0
3 3 0
2 3 0
0 0 1
0 3 1
7 0 1
3 4 1
1 4 1

0 0 0
0 1 0
9 0 0
3 3 0
2 3 0
0 0 1
0 1 1
9 0 1
3 3 1
2 3 1

0 0 0
0 1 0
4 0 0
4 3 0
2 3 0
0 0 1
0 1 1
4 0 1
4 3 1
2 3 1

