0 0 0
0 1 0
3 0 0
1 1 0
0 0 2
0 1 4
3 0 5
1 1 5

0 0 0
0 1 0
3 0 0
1 1 0
0 0 2
0 1 4
3 0 8
1 1 6

0 0 0
0 1 0
3 0 0
1 1 0
0 0 2
0 1 4
3 0 11
1 1 7

0 0 0
0 1 0
3 0 0
1 1 0
0 0 2
0 1 4
3 0 14
1 1 8

0 0 0
0 1 0
3 0 0
1 1 0
0 0 2
0 1 5
3 0 2
1 1 5

0 0 0
0 1 0
3 0 0
1 1 0
0 0 2
0 1 5
5 0 2
6 1 5

0 0 0
0 1 0
3 0 0
1 1 0
0 0 2
0 1 5
3 0 5
1 1 6

0 0 0
0 1 0
3 0 0
1 1 0
0 0 2
0 1 5
3 0 8
1 1 7

0 0 0
0 1 0
3 0 0
1 1 0
0 0 2
0 1 5
3 0 11
1 1 8

0 0 0
0 1 0
3 0 0
1 1 0
0 0 2
0 1 6
3 0 2
1 1 6

0 0 0
0 1 0
3 0 0
1 1 0
0 0 2
0 1 6
5 0 2
7 1 6

0 0 0
0 1 0
3 0 0
1 1 0
0 0 2
0 1 6
3 0 5
1 1 7

0 0 0
0 1 0
3 0 0
1 1 0
0 0 2
0 1 6
3 0 8
1 1 8

0 0 0
0 1 0
3 0 0
1 1 0
0 0 2
0 1 6
3 0 11
1 1 9

0 0 0
0 1 0
3 0 0
1 1 0
0 0 2
0 1 7
3 0 2
1 1 7

0 0 0
0 1 0
3 0 0
1 1 0
0 0 2
0 1 7
3 0 5
1 1 8

0 0 0
0 1 0
3 0 0
1 1 0
0 0 2
0 1 7
3 0 8
1 1 9

0 0 0
0 1 0
3 0 0
1 1 0
0 0 2
0 1 7
3 0 11
1 1 10

0 0 0
0 1 0
3 0 0
1 1 0
0 0 2
0 1 8
3 0 2
1 1 8

0 0 0
0 1 0
3 0 0
1 1 0
0 0 2
0 1 8
3 0 5
1 1 9

0 0 0
0 1 0
3 0 0
1 1 0
0 0 2
0 1 8
3 0 8
1 1 10

0 0 0
0 1 0
3 0 0
1 1 0
0 0 2
0 1 9
3 0 2
1 1 9

0 0 0
0 1 0
3 0 0
1 1 0
0 0 2
0 1 9
3 0 5
1 1 10

0 0 0
0 1 0
3 0 0
1 1 0
0 0 2
0 1 9
3 0 8
1 1 11

0 0 0
0 1 0
3 0 0
1 1 0
0 0 2
0 1 10
3 0 2
1 1 10

0 0 0
0 1 0
3 0 0
1 1 0
0 0 2
0 1 10
3 0 5
1 1 11

0 0 0
0 1 0
3 0 0
1 1 0
0 0 2
0 1 10
3 0 8
1 1 12

0 0 0
0 1 0
3 0 0
1 1 0
0 0 2
0 1 11
3 0 2
1 1 11

0 0 0
0 1 0
3 0 0
1 1 0
0 0 2
0 1 11
3 0 5
1 1 12

0 0 0
0 1 0
3 0 0
1 1 0
0 0 2
0 1 11
3 0 8
1 1 13

0 0 0
0 1 0
3 0 0
1 1 0
0 0 2
0 1 12
3 0 2
1 1 12

0 0 0
0 1 0
3 0 0
1 1 0
0 0 2
0 1 12
3 0 5
1 1 13

0 0 0
0 1 0
3 0 0
1 1 0
0 0 2
0 1 13
3 0 2
1 1 13

0 0 0
0 1 0
3 0 0
1 1 0
0 0 2
0 1 13
3 0 5
1 1 14

0 0 0
0 1 0
3 0 0
1 1 0
0 0 2
0 1 14
3 0 2
1 1 14

0 0 0
0 1 0
3 0 0
1 1 0
0 0 2
0 1 14
3 0 5
1 1 15

0 0 0
0 1 0
3 0 0
1 1 0
0 0 2
0 1 15
3 0 2
1 1 15

0 0 0
0 1 0
3 0 0
1 1 0
0 0 2
0 1 16
3 0 2
1 1 16

0 0 0
0 1 0
3 0 0
1 1 0
0 0 2
0 1 17
3 0 2
1 1 17

0 0 0
0 1 0
3 0 0
1 1 0
0 0 2
0 1 18
3 0 2
1 1 18

0 0 0
0 1 0
3 0 0
1 1 0
0 0 2
0 3 2
7 0 2
1 3 2

0 0 0
0 1 0
3 0 0
1 1 0
0 0 2
0 3 2
9 0 2
3 3 2

0 0 0
0 1 0
3 0 0
1 1 0
0 0 3
0 1 1
12 0 3
4 1 1

0 0 0
0 1 0
3 0 0
1 1 0
0 0 3
0 1 1
15 0 3
5 1 1

0 0 0
0 1 0
3 0 0
1 1 0
0 0 3
0 1 2
3 0 3
1 1 2

0 0 0
0 1 0
3 0 0
1 1 0
0 0 3
0 1 2
6 0 3
3 1 2

0 0 0
0 1 0
3 0 0
1 1 0
0 0 3
0 1 2
9 0 3
5 1 2

0 0 0
0 1 0
3 0 0
1 1 0
0 0 3
0 1 2
12 0 3
7 1 2

0 0 0
0 1 0
3 0 0
1 1 0
0 0 3
0 1 2
3 0 6
1 1 3

0 0 0
0 1 0
3 0 0
1 1 0
0 0 3
0 1 2
3 0 9
1 1 4

