0 0 0
0 1 0
8 0 0
1 1 0
0 0 2
0 1 3
10 0 2
4 1 3

0 0 0
0 1 0
8 0 0
1 1 0
0 0 2
0 1 4
8 0 2
1 1 4

0 0 0
0 1 0
8 0 0
1 1 0
0 0 2
0 1 4
10 0 2
5 1 4

0 0 0
0 1 0
8 0 0
1 1 0
0 0 2
0 1 5
8 0 2
1 1 5

0 0 0
0 1 0
8 0 0
1 1 0
0 0 2
0 1 6
8 0 2
1 1 6

0 0 0
0 1 0
8 0 0
1 1 0
0 0 2
0 1 7
8 0 2
1 1 7

0 0 0
0 1 0
8 0 0
1 1 0
0 0 2
0 1 8
8 0 2
1 1 8

0 0 0
0 1 0
8 0 0
1 1 0
0 0 2
0 1 9
8 0 2
1 1 9

0 0 0
0 1 0
8 0 0
1 1 0
0 0 2
0 1 10
8 0 2
1 1 10

0 0 0
0 1 0
8 0 0
1 1 0
0 0 3
0 1 2
8 0 3
1 1 2

0 0 0
0 1 0
8 0 0
1 1 0
0 0 3
0 1 3
8 0 3
1 1 3

0 0 0
0 1 0
8 0 0
1 1 0
0 0 3
0 1 4
8 0 3
1 1 4

0 0 0
0 1 0
8 0 0
1 1 0
0 0 3
0 1 5
8 0 3
1 1 5

0 0 0
0 1 0
8 0 0
1 1 0
0 0 3
0 1 6
8 0 3
1 1 6

0 0 0
0 1 0
9 0 0
1 1 0
0 0 1
0 1 9
9 0 1
1 1 9

0 0 0
0 1 0
9 0 0
1 1 0
0 0 1
0 1 10
9 0 1
1 1 10

0 0 0
0 1 0
9 0 0
1 1 0
0 0 1
0 1 11
9 0 1
1 1 11

0 0 0
0 1 0
9 0 0
1 1 0
0 0 1
0 1 12
9 0 1
1 1 12

0 0 0
0 1 0
9 0 0
1 1 0
0 0 1
0 1 13
9 0 1
1 1 13

0 0 0
0 1 0
9 0 0
1 1 0
0 0 1
0 1 14
9 0 1
1 1 14

0 0 0
0 1 0
9 0 0
1 1 0
0 0 2
0 1 2
9 0 2
1 1 2

0 0 0
0 1 0
9 0 0
1 1 0
0 0 2
0 1 2
11 0 2
3 1 2

0 0 0
0 1 0
9 0 0
1 1 0
0 0 2
0 1 2
13 0 2
5 1 2

0 0 0
0 1 0
9 0 0
1 1 0
0 0 2
0 1 3
9 0 2
1 1 3

0 0 0
0 1 0
9 0 0
1 1 0
0 0 2
0 1 3
11 0 2
4 1 3

0 0 0
0 1 0
9 0 0
1 1 0
0 0 2
0 1 4
9 0 2
1 1 4

0 0 0
0 1 0
9 0 0
1 1 0
0 0 2
0 1 5
9 0 2
1 1 5

0 0 0
0 1 0
9 0 0
1 1 0
0 0 2
0 1 6
9 0 2
1 1 6

0 0 0
0 1 0
9 0 0
1 1 0
0 0 2
0 1 7
9 0 2
1 1 7

0 0 0
0 1 0
9 0 0
1 1 0
0 0 2
0 1 8
9 0 2
1 1 8

0 0 0
0 1 0
9 0 0
1 1 0
0 0 2
0 1 9
9 0 2
1 1 9

0 0 0
0 1 0
9 0 0
1 1 0
0 0 3
0 1 2
9 0 3
1 1 2

0 0 0
0 1 0
9 0 0
1 1 0
0 0 3
0 1 3
9 0 3
1 1 3

0 0 0
0 1 0
9 0 0
1 1 0
0 0 3
0 1 4
9 0 3
1 1 4

0 0 0
0 1 0
10 0 0
1 1 0
0 0 1
0 1 10
10 0 1
1 1 10

0 0 0
0 1 0
10 0 0
1 1 0
0 0 1
0 1 11
10 0 1
1 1 11

0 0 0
0 1 0
10 0 0
1 1 0
0 0 1
0 1 12
10 0 1
1 1 12

0 0 0
0 1 0
10 0 0
1 1 0
0 0 1
0 1 13
10 0 1
1 1 13

0 0 0
0 1 0
10 0 0
1 1 0
0 0 2
0 1 2
10 0 2
1 1 2

0 0 0
0 1 0
10 0 0
1 1 0
0 0 2
0 1 2
12 0 2
3 1 2

0 0 0
0 1 0
10 0 0
1 1 0
0 0 2
0 1 3
10 0 2
1 1 3

0 0 0
0 1 0
10 0 0
1 1 0
0 0 2
0 1 3
12 0 2
4 1 3

0 0 0
0 1 0
10 0 0
1 1 0
0 0 2
0 1 4
10 0 2
1 1 4

0 0 0
0 1 0
10 0 0
1 1 0
0 0 2
0 1 5
10 0 2
1 1 5

0 0 0
0 1 0
10 0 0
1 1 0
0 0 2
0 1 6
10 0 2
1 1 6

0 0 0
0 1 0
10 0 0
1 1 0
0 0 2
0 1 7
10 0 2
1 1 7

0 0 0
0 1 0
10 0 0
1 1 0
0 0 3
0 1 2
10 0 3
1 1 2

0 0 0
0 1 0
11 0 0
1 1 0
0 0 1
0 1 11
11 0 1
1 1 11

0 0 0
0 1 0
11 0 0
1 1 0
0 0 1
0 1 12
11 0 1
1 1 12

0 0 0
0 1 0
11 0 0
1 1 0
0 0 2
0 1 2
11 0 2
1 1 2

