0 0 0
0 1 0
2 0 0
1 1 0
0 0 2
0 1 1
16 0 2
8 1 1

0 0 0
0 1 0
2 0 0
1 1 0
0 0 2
0 1 1
18 0 2
9 1 1

0 0 0
0 1 0
2 0 0
1 1 0
0 0 2
0 1 1
20 0 2
10 1 1

0 0 0
0 1 0
2 0 0
1 1 0
0 0 2
0 1 2
2 0 2
1 1 2

0 0 0
0 1 0
2 0 0
1 1 0
0 0 2
0 1 2
4 0 2
3 1 2

0 0 0
0 1 0
2 0 0
1 1 0
0 0 2
0 1 2
6 0 2
5 1 2

0 0 0
0 1 0
2 0 0
1 1 0
0 0 2
0 1 2
8 0 2
7 1 2

0 0 0
0 1 0
2 0 0
1 1 0
0 0 2
0 1 2
10 0 2
9 1 2

0 0 0
0 1 0
2 0 0
1 1 0
0 0 2
0 1 2
12 0 2
11 1 2

0 0 0
0 1 0
2 0 0
1 1 0
0 0 2
0 1 2
2 0 4
1 1 3

0 0 0
0 1 0
2 0 0
1 1 0
0 0 2
0 1 2
2 0 6
1 1 4

0 0 0
0 1 0
2 0 0
1 1 0
0 0 2
0 1 2
2 0 8
1 1 5

0 0 0
0 1 0
2 0 0
1 1 0
0 0 2
0 1 2
2 0 10
1 1 6

0 0 0
0 1 0
2 0 0
1 1 0
0 0 2
0 1 2
2 0 12
1 1 7

0 0 0
0 1 0
2 0 0
1 1 0
0 0 2
0 1 2
2 0 14
1 1 8

0 0 0
0 1 0
2 0 0
1 1 0
0 0 2
0 1 2
2 0 16
1 1 9

0 0 0
0 1 0
2 0 0
1 1 0
0 0 2
0 1 2
2 0 18
1 1 10

0 0 0
0 1 0
2 0 0
1 1 0
0 0 2
0 1 3
2 0 2
1 1 3

0 0 0
0 1 0
2 0 0
1 1 0
0 0 2
0 1 3
4 0 2
4 1 3

0 0 0
0 1 0
2 0 0
1 1 0
0 0 2
0 1 3
6 0 2
7 1 3

0 0 0
0 1 0
2 0 0
1 1 0
0 0 2
0 1 3
8 0 2
10 1 3

0 0 0
0 1 0
2 0 0
1 1 0
0 0 2
0 1 3
2 0 4
1 1 4

0 0 0
0 1 0
2 0 0
1 1 0
0 0 2
0 1 3
2 0 6
1 1 5

0 0 0
0 1 0
2 0 0
1 1 0
0 0 2
0 1 3
2 0 8
1 1 6

0 0 0
0 1 0
2 0 0
1 1 0
0 0 2
0 1 3
2 0 10
1 1 7

0 0 0
0 1 0
2 0 0
1 1 0
0 0 2
0 1 3
2 0 12
1 1 8

0 0 0
0 1 0
2 0 0
1 1 0
0 0 2
0 1 3
2 0 14
1 1 9

0 0 0
0 1 0
2 0 0
1 1 0
0 0 2
0 1 3
2 0 16
1 1 10

0 0 0
0 1 0
2 0 0
1 1 0
0 0 2
0 1 3
2 0 18
1 1 11

0 0 0
0 1 0
2 0 0
1 1 0
0 0 2
0 1 4
2 0 2
1 1 4

0 0 0
0 1 0
2 0 0
1 1 0
0 0 2
0 1 4
4 0 2
5 1 4

0 0 0
0 1 0
2 0 0
1 1 0
0 0 2
0 1 4
6 0 2
9 1 4

0 0 0
0 1 0
2 0 0
1 1 0
0 0 2
0 1 4
2 0 4
1 1 5

0 0 0
0 1 0
2 0 0
1 1 0
0 0 2
0 1 4
2 0 6
1 1 6

0 0 0
0 1 0
2 0 0
1 1 0
0 0 2
0 1 4
2 0 8
1 1 7

0 0 0
0 1 0
2 0 0
1 1 0
0 0 2
0 1 4
2 0 10
1 1 8

0 0 0
0 1 0
2 0 0
1 1 0
0 0 2
0 1 4
2 0 12
1 1 9

0 0 0
0 1 0
2 0 0
1 1 0
0 0 2
0 1 4
2 0 14
1 1 10

0 0 0
0 1 0
2 0 0
1 1 0
0 0 2
0 1 4
2 0 16
1 1 11

0 0 0
0 1 0
2 0 0
1 1 0
0 0 2
0 1 5
2 0 2
1 1 5

0 0 0
0 1 0
2 0 0
1 1 0
0 0 2
0 1 5
4 0 2
6 1 5

0 0 0
0 1 0
2 0 0
1 1 0
0 0 2
0 1 5
2 0 4
1 1 6

0 0 0
0 1 0
2 0 0
1 1 0
0 0 2
0 1 5
2 0 6
1 1 7

0 0 0
0 1 0
2 0 0
1 1 0
0 0 2
0 1 5
2 0 8
1 1 8

0 0 0
0 1 0
2 0 0
1 1 0
0 0 2
0 1 5
2 0 10
1 1 9

0 0 0
0 1 0
2 0 0
1 1 0
0 0 2
0 1 5
2 0 12
1 1 10

0 0 0
0 1 0
2 0 0
1 1 0
0 0 2
0 1 5
2 0 14
1 1 11

0 0 0
0 1 0
2 0 0
1 1 0
0 0 2
0 1 5
2 0 16
1 1 12

0 0 0
0 1 0
2 0 0
1 1 0
0 0 2
0 1 6
2 0 2
1 1 6

0 0 0
0 1 0
2 0 0
1 1 0
0 0 2
0 1 6
4 0 2
7 1 6

