0 0 0
0 1 0
3 0 0
1 1 0
0 0 3
0 1 2
3 0 12
1 1 5

0 0 0
0 1 0
3 0 0
1 1 0
0 0 3
0 1 2
3 0 15
1 1 6

0 0 0
0 1 0
3 0 0
1 1 0
0 0 3
0 1 3
3 0 3
1 1 3

0 0 0
0 1 0
3 0 0
1 1 0
0 0 3
0 1 3
6 0 3
4 1 3

0 0 0
0 1 0
3 0 0
1 1 0
0 0 3
0 1 3
9 0 3
7 1 3

0 0 0
0 1 0
3 0 0
1 1 0
0 0 3
0 1 3
3 0 6
1 1 4

0 0 0
0 1 0
3 0 0
1 1 0
0 0 3
0 1 3
3 0 9
1 1 5

0 0 0
0 1 0
3 0 0
1 1 0
0 0 3
0 1 3
3 0 12
1 1 6

0 0 0
0 1 0
3 0 0
1 1 0
0 0 3
0 1 4
3 0 3
1 1 4

0 0 0
0 1 0
3 0 0
1 1 0
0 0 3
0 1 4
6 0 3
5 1 4

0 0 0
0 1 0
3 0 0
1 1 0
0 0 3
0 1 4
3 0 6
1 1 5

0 0 0
0 1 0
3 0 0
1 1 0
0 0 3
0 1 4
3 0 9
1 1 6

0 0 0
0 1 0
3 0 0
1 1 0
0 0 3
0 1 4
3 0 12
1 1 7

0 0 0
0 1 0
3 0 0
1 1 0
0 0 3
0 1 5
3 0 3
1 1 5

0 0 0
0 1 0
3 0 0
1 1 0
0 0 3
0 1 5
6 0 3
6 1 5

0 0 0
0 1 0
3 0 0
1 1 0
0 0 3
0 1 5
3 0 6
1 1 6

0 0 0
0 1 0
3 0 0
1 1 0
0 0 3
0 1 5
3 0 9
1 1 7

0 0 0
0 1 0
3 0 0
1 1 0
0 0 3
0 1 5
3 0 12
1 1 8

0 0 0
0 1 0
3 0 0
1 1 0
0 0 3
0 1 6
3 0 3
1 1 6

0 0 0
0 1 0
3 0 0
1 1 0
0 0 3
0 1 6
3 0 6
1 1 7

0 0 0
0 1 0
3 0 0
1 1 0
0 0 3
0 1 6
3 0 9
1 1 8

0 0 0
0 1 0
3 0 0
1 1 0
0 0 3
0 1 7
3 0 3
1 1 7

0 0 0
0 1 0
3 0 0
1 1 0
0 0 3
0 1 7
3 0 6
1 1 8

0 0 0
0 1 0
3 0 0
1 1 0
0 0 3
0 1 7
3 0 9
1 1 9

0 0 0
0 1 0
3 0 0
1 1 0
0 0 3
0 1 8
3 0 3
1 1 8

0 0 0
0 1 0
3 0 0
1 1 0
0 0 3
0 1 8
3 0 6
1 1 9

0 0 0
0 1 0
3 0 0
1 1 0
0 0 3
0 1 8
3 0 9
1 1 10

0 0 0
0 1 0
3 0 0
1 1 0
0 0 3
0 1 9
3 0 3
1 1 9

0 0 0
0 1 0
3 0 0
1 1 0
0 0 3
0 1 9
3 0 6
1 1 10

0 0 0
0 1 0
3 0 0
1 1 0
0 0 3
0 1 9
3 0 9
1 1 11

0 0 0
0 1 0
3 0 0
1 1 0
0 0 3
0 1 10
3 0 3
1 1 10

0 0 0
0 1 0
3 0 0
1 1 0
0 0 3
0 1 10
3 0 6
1 1 11

0 0 0
0 1 0
3 0 0
1 1 0
0 0 3
0 1 11
3 0 3
1 1 11

0 0 0
0 1 0
3 0 0
1 1 0
0 0 3
0 1 11
3 0 6
1 1 12

0 0 0
0 1 0
3 0 0
1 1 0
0 0 3
0 1 12
3 0 3
1 1 12

0 0 0
0 1 0
3 0 0
1 1 0
0 0 3
0 1 12
3 0 6
1 1 13

0 0 0
0 1 0
3 0 0
1 1 0
0 0 3
0 1 13
3 0 3
1 1 13

0 0 0
0 1 0
3 0 0
1 1 0
0 0 3
0 1 14
3 0 3
1 1 14

0 0 0
0 1 0
3 0 0
1 1 0
0 0 3
0 1 15
3 0 3
1 1 15

0 0 0
0 1 0
3 0 0
1 1 0
0 0 3
0 1 16
3 0 3
1 1 16

0 0 0
0 1 0
3 0 0
1 1 0
0 0 4
0 1 1
3 0 13
1 1 4

0 0 0
0 1 0
3 0 0
1 1 0
0 0 4
0 1 2
3 0 4
1 1 2

0 0 0
0 1 0
3 0 0
1 1 0
0 0 4
0 1 2
7 0 4
3 1 2

0 0 0
0 1 0
3 0 0
1 1 0
0 0 4
0 1 2
3 0 7
1 1 3

0 0 0
0 1 0
3 0 0
1 1 0
0 0 4
0 1 2
3 0 10
1 1 4

0 0 0
0 1 0
3 0 0
1 1 0
0 0 4
0 1 2
3 0 13
1 1 5

0 0 0
0 1 0
3 0 0
1 1 0
0 0 4
0 1 3
3 0 4
1 1 3

0 0 0
0 1 0
3 0 0
1 1 0
0 0 4
0 1 3
7 0 4
4 1 3

0 0 0
0 1 0
3 0 0
1 1 0
0 0 4
0 1 3
3 0 7
1 1 4

0 0 0
0 1 0
3 0 0
1 1 0
0 0 4
0 1 3
3 0 10
1 1 5

