0 0 0
0 1 0
6 0 0
1 1 0
0 0 1
0 1 6
6 0 1
1 1 6

0 0 0
0 1 0
6 0 0
1 1 0
0 0 1
0 1 6
7 0 1
7 1 6

0 0 0
0 1 0
6 0 0
1 1 0
0 0 1
0 1 7
6 0 1
1 1 7

0 0 0
0 1 0
6 0 0
1 1 0
0 0 1
0 1 8
6 0 1
1 1 8

0 0 0
0 1 0
6 0 0
1 1 0
0 0 1
0 1 9
6 0 1
1 1 9

0 0 0
0 1 0
6 0 0
1 1 0
0 0 1
0 1 10
6 0 1
1 1 10

0 0 0
0 1 0
6 0 0
1 1 0
0 0 1
0 1 11
6 0 1
1 1 11

0 0 0
0 1 0
6 0 0
1 1 0
0 0 1
0 1 12
6 0 1
1 1 12

0 0 0
0 1 0
6 0 0
1 1 0
0 0 1
0 1 13
6 0 1
1 1 13

0 0 0
0 1 0
6 0 0
1 1 0
0 0 1
0 1 14
6 0 1
1 1 14

0 0 0
0 1 0
6 0 0
1 1 0
0 0 1
0 1 15
6 0 1
1 1 15

0 0 0
0 1 0
6 0 0
1 1 0
0 0 1
0 1 16
6 0 1
1 1 16

0 0 0
0 1 0
6 0 0
1 1 0
0 0 1
0 1 17
6 0 1
1 1 17

0 0 0
0 1 0
6 0 0
1 1 0
0 0 2
0 1 2
6 0 2
1 1 2

0 0 0
0 1 0
6 0 0
1 1 0
0 0 2
0 1 2
8 0 2
3 1 2

0 0 0
0 1 0
6 0 0
1 1 0
0 0 2
0 1 2
10 0 2
5 1 2

0 0 0
0 1 0
6 0 0
1 1 0
0 0 2
0 1 2
12 0 2
7 1 2

0 0 0
0 1 0
6 0 0
1 1 0
0 0 2
0 1 2
6 0 8
1 1 3

0 0 0
0 1 0
6 0 0
1 1 0
0 0 2
0 1 3
6 0 2
1 1 3

0 0 0
0 1 0
6 0 0
1 1 0
0 0 2
0 1 3
8 0 2
4 1 3

0 0 0
0 1 0
6 0 0
1 1 0
0 0 2
0 1 3
10 0 2
7 1 3

0 0 0
0 1 0
6 0 0
1 1 0
0 0 2
0 1 4
6 0 2
1 1 4

0 0 0
0 1 0
6 0 0
1 1 0
0 0 2
0 1 4
8 0 2
5 1 4

0 0 0
0 1 0
6 0 0
1 1 0
0 0 2
0 1 5
6 0 2
1 1 5

0 0 0
0 1 0
6 0 0
1 1 0
0 0 2
0 1 6
6 0 2
1 1 6

0 0 0
0 1 0
6 0 0
1 1 0
0 0 2
0 1 7
6 0 2
1 1 7

0 0 0
0 1 0
6 0 0
1 1 0
0 0 2
0 1 8
6 0 2
1 1 8

0 0 0
0 1 0
6 0 0
1 1 0
0 0 2
0 1 9
6 0 2
1 1 9

0 0 0
0 1 0
6 0 0
1 1 0
0 0 2
0 1 10
6 0 2
1 1 10

0 0 0
0 1 0
6 0 0
1 1 0
0 0 2
0 1 11
6 0 2
1 1 11

0 0 0
0 1 0
6 0 0
1 1 0
0 0 2
0 1 12
6 0 2
1 1 12

0 0 0
0 1 0
6 0 0
1 1 0
0 0 2
0 1 13
6 0 2
1 1 13

0 0 0
0 1 0
6 0 0
1 1 0
0 0 3
0 1 2
6 0 3
1 1 2

0 0 0
0 1 0
6 0 0
1 1 0
0 0 3
0 1 2
9 0 3
3 1 2

0 0 0
0 1 0
6 0 0
1 1 0
0 0 3
0 1 3
6 0 3
1 1 3

0 0 0
0 1 0
6 0 0
1 1 0
0 0 3
0 1 3
9 0 3
4 1 3

0 0 0
0 1 0
6 0 0
1 1 0
0 0 3
0 1 4
6 0 3
1 1 4

0 0 0
0 1 0
6 0 0
1 1 0
0 0 3
0 1 5
6 0 3
1 1 5

0 0 0
0 1 0
6 0 0
1 1 0
0 0 3
0 1 6
6 0 3
1 1 6

0 0 0
0 1 0
6 0 0
1 1 0
0 0 3
0 1 7
6 0 3
1 1 7

0 0 0
0 1 0
6 0 0
1 1 0
0 0 3
0 1 8
6 0 3
1 1 8

0 0 0
0 1 0
6 0 0
1 1 0
0 0 3
0 1 9
6 0 3
1 1 9

0 0 0
0 1 0
6 0 0
1 1 0
0 0 3
0 1 10
6 0 3
1 1 10

0 0 0
0 1 0
6 0 0
1 1 0
0 0 4
0 1 2
6 0 4
1 1 2

0 0 0
0 1 0
6 0 0
1 1 0
0 0 4
0 1 3
6 0 4
1 1 3

0 0 0
0 1 0
6 0 0
1 1 0
0 0 4
0 1 4
6 0 4
1 1 4

0 0 0
0 1 0
6 0 0
1 1 0
0 0 4
0 1 5
6 0 4
1 1 5

0 0 0
0 1 0
6 0 0
1 1 0
0 0 4
0 1 6
6 0 4
1 1 6

0 0 0
0 1 0
6 0 0
1 1 0
0 0 5
0 1 2
6 0 5
1 1 2

0 0 0
0 1 0
6 0 0
1 1 0
0 0 5
0 1 3
6 0 5
1 1 3

