0 0 0
0 1 0
2 0 0
1 1 0
0 0 3
0 1 14
2 0 7
1 1 16

0 0 0
0 1 0
2 0 0
1 1 0
0 0 3
0 1 15
2 0 3
1 1 15

0 0 0
0 1 0
2 0 0
1 1 0
0 0 3
0 1 15
2 0 5
1 1 16

0 0 0
0 1 0
2 0 0
1 1 0
0 0 3
0 1 16
2 0 3
1 1 16

0 0 0
0 1 0
2 0 0
1 1 0
0 0 3
0 1 16
2 0 5
1 1 17

0 0 0
0 1 0
2 0 0
1 1 0
0 0 3
0 1 17
2 0 3
1 1 17

0 0 0
0 1 0
2 0 0
1 1 0
0 0 3
0 1 18
2 0 3
1 1 18

0 0 0
0 1 0
2 0 0
1 1 0
0 0 3
0 4 3
5 0 3
1 4 3

0 0 0
0 1 0
2 0 0
1 1 0
0 0 4
0 1 1
10 0 4
3 1 1

0 0 0
0 1 0
2 0 0
1 1 0
0 0 4
0 1 1
2 0 8
1 1 3

0 0 0
0 1 0
2 0 0
1 1 0
0 0 4
0 1 1
2 0 10
1 1 4

0 0 0
0 1 0
2 0 0
1 1 0
0 0 4
0 1 1
2 0 12
1 1 5

0 0 0
0 1 0
2 0 0
1 1 0
0 0 4
0 1 1
2 0 14
1 1 6

0 0 0
0 1 0
2 0 0
1 1 0
0 0 4
0 1 1
2 0 16
1 1 7

0 0 0
0 1 0
2 0 0
1 1 0
0 0 4
0 1 1
2 0 18
1 1 8

0 0 0
0 1 0
2 0 0
1 1 0
0 0 4
0 1 2
2 0 4
1 1 2

0 0 0
0 1 0
2 0 0
1 1 0
0 0 4
0 1 2
6 0 4
3 1 2

0 0 0
0 1 0
2 0 0
1 1 0
0 0 4
0 1 2
10 0 4
5 1 2

0 0 0
0 1 0
2 0 0
1 1 0
0 0 4
0 1 2
2 0 6
1 1 3

0 0 0
0 1 0
2 0 0
1 1 0
0 0 4
0 1 2
2 0 8
1 1 4

0 0 0
0 1 0
2 0 0
1 1 0
0 0 4
0 1 2
2 0 10
1 1 5

0 0 0
0 1 0
2 0 0
1 1 0
0 0 4
0 1 2
2 0 12
1 1 6

0 0 0
0 1 0
2 0 0
1 1 0
0 0 4
0 1 2
2 0 14
1 1 7

0 0 0
0 1 0
2 0 0
1 1 0
0 0 4
0 1 2
2 0 16
1 1 8

0 0 0
0 1 0
2 0 0
1 1 0
0 0 4
0 1 2
2 0 18
1 1 9

0 0 0
0 1 0
2 0 0
1 1 0
0 0 4
0 1 3
2 0 4
1 1 3

0 0 0
0 1 0
2 0 0
1 1 0
0 0 4
0 1 3
6 0 4
4 1 3

0 0 0
0 1 0
2 0 0
1 1 0
0 0 4
0 1 3
2 0 6
1 1 4

0 0 0
0 1 0
2 0 0
1 1 0
0 0 4
0 1 3
2 0 8
1 1 5

0 0 0
0 1 0
2 0 0
1 1 0
0 0 4
0 1 3
2 0 10
1 1 6

0 0 0
0 1 0
2 0 0
1 1 0
0 0 4
0 1 3
2 0 12
1 1 7

0 0 0
0 1 0
2 0 0
1 1 0
0 0 4
0 1 3
2 0 14
1 1 8

0 0 0
0 1 0
2 0 0
1 1 0
0 0 4
0 1 3
2 0 16
1 1 9

0 0 0
0 1 0
2 0 0
1 1 0
0 0 4
0 1 4
2 0 4
1 1 4

0 0 0
0 1 0
2 0 0
1 1 0
0 0 4
0 1 4
6 0 4
5 1 4

0 0 0
0 1 0
2 0 0
1 1 0
0 0 4
0 1 4
2 0 6
1 1 5

0 0 0
0 1 0
2 0 0
1 1 0
0 0 4
0 1 4
2 0 8
1 1 6

0 0 0
0 1 0
2 0 0
1 1 0
0 0 4
0 1 4
2 0 10
1 1 7

0 0 0
0 1 0
2 0 0
1 1 0
0 0 4
0 1 4
2 0 12
1 1 8

0 0 0
0 1 0
2 0 0
1 1 0
0 0 4
0 1 4
2 0 14
1 1 9

0 0 0
0 1 0
2 0 0
1 1 0
0 0 4
0 1 4
2 0 16
1 1 10

0 0 0
0 1 0
2 0 0
1 1 0
0 0 4
0 1 5
2 0 4
1 1 5

0 0 0
0 1 0
2 0 0
1 1 0
0 0 4
0 1 5
2 0 6
1 1 6

0 0 0
0 1 0
2 0 0
1 1 0
0 0 4
0 1 5
2 0 8
1 1 7

0 0 0
0 1 0
2 0 0
1 1 0
0 0 4
0 1 5
2 0 10
1 1 8

0 0 0
0 1 0
2 0 0
1 1 0
0 0 4
0 1 5
2 0 12
1 1 9

0 0 0
0 1 0
2 0 0
1 1 0
0 0 4
0 1 5
2 0 14
1 1 10

0 0 0
0 1 0
2 0 0
1 1 0
0 0 4
0 1 6
2 0 4
1 1 6

0 0 0
0 1 0
2 0 0
1 1 0
0 0 4
0 1 6
2 0 6
1 1 7

0 0 0
0 1 0
2 0 0
1 1 0
0 0 4
0 1 6
2 0 8
1 1 8

