0 0 0
0 1 0
15 0 0
4 1 0
0 0 1
24 0 1

0 0 0
0 1 0
15 0 0
4 1 0
0 0 1
25 0 1

0 0 0
0 1 0
15 0 0
4 1 0
0 0 1
26 0 1

0 0 0
0 1 0
15 0 0
4 1 0
0 0 1
27 0 1

0 0 0
0 1 0
15 0 0
4 1 0
0 0 1
28 0 1

0 0 0
0 1 0
16 0 0
4 1 0
0 0 1
16 0 1

0 0 0
0 1 0
16 0 0
4 1 0
0 0 1
17 0 1

0 0 0
0 1 0
16 0 0
4 1 0
0 0 1
18 0 1

0 0 0
0 1 0
16 0 0
4 1 0
0 0 1
19 0 1

0 0 0
0 1 0
16 0 0
4 1 0
0 0 1
20 0 1

0 0 0
0 1 0
16 0 0
4 1 0
0 0 1
21 0 1

0 0 0
0 1 0
16 0 0
4 1 0
0 0 1
22 0 1

0 0 0
0 1 0
16 0 0
4 1 0
0 0 1
23 0 1

0 0 0
0 1 0
16 0 0
4 1 0
0 0 1
24 0 1

0 0 0
0 1 0
16 0 0
4 1 0
0 0 1
25 0 1

0 0 0
0 1 0
16 0 0
4 1 0
0 0 1
26 0 1

0 0 0
0 1 0
16 0 0
4 1 0
0 0 1
27 0 1

0 0 0
0 1 0
17 0 0
4 1 0
0 0 1
17 0 1

0 0 0
0 1 0
17 0 0
4 1 0
0 0 1
18 0 1

0 0 0
0 1 0
17 0 0
4 1 0
0 0 1
19 0 1

0 0 0
0 1 0
17 0 0
4 1 0
0 0 1
20 0 1

0 0 0
0 1 0
17 0 0
4 1 0
0 0 1
21 0 1

0 0 0
0 1 0
17 0 0
4 1 0
0 0 1
22 0 1

0 0 0
0 1 0
17 0 0
4 1 0
0 0 1
23 0 1

0 0 0
0 1 0
17 0 0
4 1 0
0 0 1
24 0 1

0 0 0
0 1 0
17 0 0
4 1 0
0 0 1
25 0 1

0 0 0
0 1 0
17 0 0
4 1 0
0 0 1
26 0 1

0 0 0
0 1 0
18 0 0
4 1 0
0 0 1
18 0 1

0 0 0
0 1 0
18 0 0
4 1 0
0 0 1
19 0 1

0 0 0
0 1 0
18 0 0
4 1 0
0 0 1
20 0 1

0 0 0
0 1 0
18 0 0
4 1 0
0 0 1
21 0 1

0 0 0
0 1 0
18 0 0
4 1 0
0 0 1
22 0 1

0 0 0
0 1 0
18 0 0
4 1 0
0 0 1
23 0 1

0 0 0
0 1 0
18 0 0
4 1 0
0 0 1
24 0 1

0 0 0
0 1 0
18 0 0
4 1 0
0 0 1
25 0 1

0 0 0
0 1 0
19 0 0
4 1 0
0 0 1
19 0 1

0 0 0
0 1 0
19 0 0
4 1 0
0 0 1
20 0 1

0 0 0
0 1 0
19 0 0
4 1 0
0 0 1
21 0 1

0 0 0
0 1 0
19 0 0
4 1 0
0 0 1
22 0 1

0 0 0
0 1 0
19 0 0
4 1 0
0 0 1
23 0 1

0 0 0
0 1 0
19 0 0
4 1 0
0 0 1
24 0 1

0 0 0
0 1 0
20 0 0
4 1 0
0 0 1
20 0 1

0 0 0
0 1 0
20 0 0
4 1 0
0 0 1
21 0 1

0 0 0
0 1 0
20 0 0
4 1 0
0 0 1
22 0 1

0 0 0
0 1 0
20 0 0
4 1 0
0 0 1
23 0 1

0 0 0
0 1 0
21 0 0
4 1 0
0 0 1
21 0 1

0 0 0
0 1 0
21 0 0
4 1 0
0 0 1
22 0 1

0 0 0
0 1 0
5 0 0
5 1 0
0 0 1
5 0 1

0 0 0
0 1 0
5 0 0
5 1 0
0 0 1
6 0 1

0 0 0
0 1 0
5 0 0
5 1 0
0 0 1
7 0 1

