0 0 0
0 1 0
7 0 0
1 1 0
0 0 1
0 1 7
7 0 1
1 1 7

0 0 0
0 1 0
7 0 0
1 1 0
0 0 1
0 1 8
7 0 1
1 1 8

0 0 0
0 1 0
7 0 0
1 1 0
0 0 1
0 1 9
7 0 1
1 1 9

0 0 0
0 1 0
7 0 0
1 1 0
0 0 1
0 1 10
7 0 1
1 1 10

0 0 0
0 1 0
7 0 0
1 1 0
0 0 1
0 1 11
7 0 1
1 1 11

0 0 0
0 1 0
7 0 0
1 1 0
0 0 1
0 1 12
7 0 1
1 1 12

0 0 0
0 1 0
7 0 0
1 1 0
0 0 1
0 1 13
7 0 1
1 1 13

0 0 0
0 1 0
7 0 0
1 1 0
0 0 1
0 1 14
7 0 1
1 1 14

0 0 0
0 1 0
7 0 0
1 1 0
0 0 1
0 1 15
7 0 1
1 1 15

0 0 0
0 1 0
7 0 0
1 1 0
0 0 1
0 1 16
7 0 1
1 1 16

0 0 0
0 1 0
7 0 0
1 1 0
0 0 2
0 1 2
7 0 2
1 1 2

0 0 0
0 1 0
7 0 0
1 1 0
0 0 2
0 1 2
9 0 2
3 1 2

0 0 0
0 1 0
7 0 0
1 1 0
0 0 2
0 1 2
11 0 2
5 1 2

0 0 0
0 1 0
7 0 0
1 1 0
0 0 2
0 1 2
13 0 2
7 1 2

0 0 0
0 1 0
7 0 0
1 1 0
0 0 2
0 1 3
7 0 2
1 1 3

0 0 0
0 1 0
7 0 0
1 1 0
0 0 2
0 1 3
9 0 2
4 1 3

0 0 0
0 1 0
7 0 0
1 1 0
0 0 2
0 1 3
11 0 2
7 1 3

0 0 0
0 1 0
7 0 0
1 1 0
0 0 2
0 1 4
7 0 2
1 1 4

0 0 0
0 1 0
7 0 0
1 1 0
0 0 2
0 1 4
9 0 2
5 1 4

0 0 0
0 1 0
7 0 0
1 1 0
0 0 2
0 1 5
7 0 2
1 1 5

0 0 0
0 1 0
7 0 0
1 1 0
0 0 2
0 1 6
7 0 2
1 1 6

0 0 0
0 1 0
7 0 0
1 1 0
0 0 2
0 1 7
7 0 2
1 1 7

0 0 0
0 1 0
7 0 0
1 1 0
0 0 2
0 1 8
7 0 2
1 1 8

0 0 0
0 1 0
7 0 0
1 1 0
0 0 2
0 1 9
7 0 2
1 1 9

0 0 0
0 1 0
7 0 0
1 1 0
0 0 2
0 1 10
7 0 2
1 1 10

0 0 0
0 1 0
7 0 0
1 1 0
0 0 2
0 1 11
7 0 2
1 1 11

0 0 0
0 1 0
7 0 0
1 1 0
0 0 2
0 1 12
7 0 2
1 1 12

0 0 0
0 1 0
7 0 0
1 1 0
0 0 3
0 1 2
7 0 3
1 1 2

0 0 0
0 1 0
7 0 0
1 1 0
0 0 3
0 1 2
10 0 3
3 1 2

0 0 0
0 1 0
7 0 0
1 1 0
0 0 3
0 1 3
7 0 3
1 1 3

0 0 0
0 1 0
7 0 0
1 1 0
0 0 3
0 1 4
7 0 3
1 1 4

0 0 0
0 1 0
7 0 0
1 1 0
0 0 3
0 1 5
7 0 3
1 1 5

0 0 0
0 1 0
7 0 0
1 1 0
0 0 3
0 1 6
7 0 3
1 1 6

0 0 0
0 1 0
7 0 0
1 1 0
0 0 3
0 1 7
7 0 3
1 1 7

0 0 0
0 1 0
7 0 0
1 1 0
0 0 3
0 1 8
7 0 3
1 1 8

0 0 0
0 1 0
7 0 0
1 1 0
0 0 4
0 1 2
7 0 4
1 1 2

0 0 0
0 1 0
7 0 0
1 1 0
0 0 4
0 1 3
7 0 4
1 1 3

0 0 0
0 1 0
7 0 0
1 1 0
0 0 4
0 1 4
7 0 4
1 1 4

0 0 0
0 1 0
8 0 0
1 1 0
0 0 1
0 1 8
8 0 1
1 1 8

0 0 0
0 1 0
8 0 0
1 1 0
0 0 1
0 1 9
8 0 1
1 1 9

0 0 0
0 1 0
8 0 0
1 1 0
0 0 1
0 1 10
8 0 1
1 1 10

0 0 0
0 1 0
8 0 0
1 1 0
0 0 1
0 1 11
8 0 1
1 1 11

0 0 0
0 1 0
8 0 0
1 1 0
0 0 1
0 1 12
8 0 1
1 1 12

0 0 0
0 1 0
8 0 0
1 1 0
0 0 1
0 1 13
8 0 1
1 1 13

0 0 0
0 1 0
8 0 0
1 1 0
0 0 1
0 1 14
8 0 1
1 1 14

0 0 0
0 1 0
8 0 0
1 1 0
0 0 1
0 1 15
8 0 1
1 1 15

0 0 0
0 1 0
8 0 0
1 1 0
0 0 2
0 1 2
8 0 2
1 1 2

0 0 0
0 1 0
8 0 0
1 1 0
0 0 2
0 1 2
10 0 2
3 1 2

0 0 0
0 1 0
8 0 0
1 1 0
0 0 2
0 1 2
12 0 2
5 1 2

0 0 0
0 1 0
8 0 0
1 1 0
0 0 2
0 1 3
8 0 2
1 1 3

