0 0 0
0 3 0
5 0 0
2 3 0
0 0 3
5 0 3

0 0 0
0 3 0
2 0 0
2 5 0
0 0 3
2 0 5

0 0 0
0 3 0
3 0 0
3 3 0
0 0 3
3 0 3

0 0 0
0 3 0
3 0 0
3 3 0
0 0 3
6 0 3

0 0 0
0 3 0
4 0 0
4 3 0
0 0 3
4 0 3

0 0 0
0 4 0
1 0 0
1 4 0
0 0 4
1 0 4

0 0 0
0 4 0
1 0 0
1 4 0
0 0 4
5 0 4

0 0 0
0 4 0
1 0 0
1 5 0
0 0 4
1 0 5

0 0 0
0 4 0
1 0 0
1 6 0
0 0 4
1 0 6

0 0 0
0 4 0
2 0 0
2 4 0
0 0 4
2 0 4

0 0 0
0 5 0
1 0 0
1 5 0
0 0 5
1 0 5

0 0 0
0 5 0
1 0 0
1 6 0
0 0 5
1 0 6

0 0 0
0 1 0
2 0 0
2 2 0
1 2 0
0 0 1
2 0 2
1 0 2

0 0 0
0 1 0
2 0 0
2 2 0
1 2 0
0 0 1
4 0 2
1 0 2

0 0 0
0 1 0
2 0 0
2 2 0
1 2 0
0 0 1
6 0 2
1 0 2

0 0 0
0 1 0
2 0 0
2 2 0
1 2 0
0 0 1
8 0 2
1 0 2

0 0 0
0 1 0
2 0 0
2 2 0
1 2 0
0 0 1
10 0 2
1 0 2

0 0 0
0 1 0
2 0 0
2 2 0
1 2 0
0 0 1
12 0 2
1 0 2

0 0 0
0 1 0
2 0 0
2 2 0
1 2 0
0 0 1
14 0 2
1 0 2

0 0 0
0 1 0
2 0 0
2 2 0
1 2 0
0 0 1
16 0 2
1 0 2

0 0 0
0 1 0
2 0 0
2 2 0
1 2 0
0 0 1
18 0 2
1 0 2

0 0 0
0 1 0
4 0 0
2 2 0
1 2 0
0 0 1
2 0 2
1 0 2

0 0 0
0 1 0
4 0 0
2 2 0
1 2 0
0 0 1
4 0 2
1 0 2

0 0 0
0 1 0
4 0 0
2 2 0
1 2 0
0 0 1
6 0 2
1 0 2

0 0 0
0 1 0
4 0 0
2 2 0
1 2 0
0 0 1
8 0 2
1 0 2

0 0 0
0 1 0
4 0 0
2 2 0
1 2 0
0 0 1
10 0 2
1 0 2

0 0 0
0 1 0
4 0 0
2 2 0
1 2 0
0 0 1
12 0 2
1 0 2

0 0 0
0 1 0
4 0 0
2 2 0
1 2 0
0 0 1
14 0 2
1 0 2

0 0 0
0 1 0
4 0 0
2 2 0
1 2 0
0 0 1
16 0 2
1 0 2

0 0 0
0 1 0
6 0 0
2 2 0
1 2 0
0 0 1
2 0 2
1 0 2

0 0 0
0 1 0
6 0 0
2 2 0
1 2 0
0 0 1
4 0 2
1 0 2

0 0 0
0 1 0
6 0 0
2 2 0
1 2 0
0 0 1
6 0 2
1 0 2

0 0 0
0 1 0
6 0 0
2 2 0
1 2 0
0 0 1
8 0 2
1 0 2

0 0 0
0 1 0
6 0 0
2 2 0
1 2 0
0 0 1
10 0 2
1 0 2

0 0 0
0 1 0
6 0 0
2 2 0
1 2 0
0 0 1
12 0 2
1 0 2

0 0 0
0 1 0
6 0 0
2 2 0
1 2 0
0 0 1
14 0 2
1 0 2

0 0 0
0 1 0
8 0 0
2 2 0
1 2 0
0 0 1
2 0 2
1 0 2

0 0 0
0 1 0
8 0 0
2 2 0
1 2 0
0 0 1
4 0 2
1 0 2

0 0 0
0 1 0
8 0 0
2 2 0
1 2 0
0 0 1
6 0 2
1 0 2

0 0 0
0 1 0
8 0 0
2 2 0
1 2 0
0 0 1
8 0 2
1 0 2

0 0 0
0 1 0
8 0 0
2 2 0
1 2 0
0 0 1
10 0 2
1 0 2

0 0 0
0 1 0
8 0 0
2 2 0
1 2 0
0 0 1
12 0 2
1 0 2

0 0 0
0 1 0
10 0 0
2 2 0
1 2 0
0 0 1
2 0 2
1 0 2

0 0 0
0 1 0
10 0 0
2 2 0
1 2 0
0 0 1
4 0 2
1 0 2

0 0 0
0 1 0
10 0 0
2 2 0
1 2 0
0 0 1
6 0 2
1 0 2

0 0 0
0 1 0
10 0 0
2 2 0
1 2 0
0 0 1
8 0 2
1 0 2

0 0 0
0 1 0
10 0 0
2 2 0
1 2 0
0 0 1
10 0 2
1 0 2

0 0 0
0 1 0
12 0 0
2 2 0
1 2 0
0 0 1
2 0 2
1 0 2

0 0 0
0 1 0
12 0 0
2 2 0
1 2 0
0 0 1
4 0 2
1 0 2

0 0 0
0 1 0
12 0 0
2 2 0
1 2 0
0 0 1
6 0 2
1 0 2

