0 0 0
0 1 0
2 0 0
3 1 0
3 2 0
1 2 0
0 0 1
0 1 1
6 0 1
8 2 1
8 4 1
3 4 1

0 0 0
0 1 0
2 0 0
3 1 0
3 2 0
1 2 0
0 0 1
0 1 1
6 0 1
9 3 1
9 4 1
3 4 1

0 0 0
0 1 0
2 0 0
3 1 0
3 2 0
1 2 0
0 0 1
0 1 1
7 0 1
8 1 1
8 2 1
1 2 1

0 0 0
0 1 0
2 0 0
3 1 0
3 2 0
1 2 0
0 0 1
0 1 1
7 0 1
8 1 1
8 3 1
2 3 1

0 0 0
0 1 0
2 0 0
3 1 0
3 2 0
1 2 0
0 0 1
0 1 1
7 0 1
8 1 1
8 4 1
3 4 1

0 0 0
0 1 0
2 0 0
3 1 0
3 2 0
1 2 0
0 0 1
0 1 1
7 0 1
9 2 1
9 3 1
2 3 1

0 0 0
0 1 0
2 0 0
3 1 0
3 2 0
1 2 0
0 0 1
0 1 1
8 0 1
9 1 1
9 2 1
1 2 1

0 0 0
0 1 0
2 0 0
3 1 0
3 2 0
1 2 0
0 0 1
0 1 1
8 0 1
9 1 1
9 3 1
2 3 1

0 0 0
0 1 0
2 0 0
3 1 0
3 2 0
1 2 0
0 0 1
0 1 1
8 0 1
10 2 1
10 3 1
2 3 1

0 0 0
0 1 0
2 0 0
3 1 0
3 2 0
1 2 0
0 0 1
0 1 1
9 0 1
10 1 1
10 2 1
1 2 1

0 0 0
0 1 0
2 0 0
3 1 0
3 2 0
1 2 0
0 0 1
0 1 1
9 0 1
10 1 1
10 3 1
2 3 1

0 0 0
0 1 0
2 0 0
3 1 0
3 2 0
1 2 0
0 0 1
0 1 1
10 0 1
11 1 1
11 2 1
1 2 1

0 0 0
0 1 0
2 0 0
3 1 0
3 2 0
1 2 0
0 0 1
0 1 1
11 0 1
12 1 1
12 2 1
1 2 1

0 0 0
0 1 0
2 0 0
3 1 0
3 2 0
1 2 0
0 0 1
0 1 1
12 0 1
13 1 1
13 2 1
1 2 1

0 0 0
0 1 0
2 0 0
3 1 0
3 2 0
1 2 0
0 0 1
0 1 1
2 0 3
3 1 4
3 2 4
1 2 2

0 0 0
0 1 0
2 0 0
3 1 0
3 2 0
1 2 0
0 0 1
0 1 1
2 0 5
3 1 7
3 2 7
1 2 3

0 0 0
0 1 0
2 0 0
3 1 0
3 2 0
1 2 0
0 0 1
0 1 2
2 0 1
3 1 2
3 2 3
1 2 3

0 0 0
0 1 0
2 0 0
3 1 0
3 2 0
1 2 0
0 0 1
0 1 2
3 0 1
5 1 2
6 2 3
1 2 3

0 0 0
0 1 0
2 0 0
3 1 0
3 2 0
1 2 0
0 0 1
0 1 2
4 0 1
7 1 2
9 2 3
1 2 3

0 0 0
0 1 0
2 0 0
3 1 0
3 2 0
1 2 0
0 0 1
0 1 2
2 0 3
3 1 5
3 2 6
1 2 4

0 0 0
0 1 0
2 0 0
3 1 0
3 2 0
1 2 0
0 0 1
0 1 3
2 0 1
3 1 3
3 2 5
1 2 5

0 0 0
0 1 0
2 0 0
3 1 0
3 2 0
1 2 0
0 0 1
0 1 4
2 0 1
3 1 4
3 2 7
1 2 7

0 0 0
0 1 0
2 0 0
3 1 0
3 2 0
1 2 0
0 0 1
0 2 1
1 0 1
3 2 1
3 4 1
2 4 1

0 0 0
0 1 0
2 0 0
3 1 0
3 2 0
1 2 0
0 0 1
0 2 1
1 0 1
4 3 1
4 5 1
3 5 1

0 0 0
0 1 0
2 0 0
3 1 0
3 2 0
1 2 0
0 0 1
0 2 1
1 0 1
5 4 1
5 6 1
4 6 1

0 0 0
0 1 0
2 0 0
3 1 0
3 2 0
1 2 0
0 0 1
0 2 1
1 0 1
6 5 1
6 7 1
5 7 1

0 0 0
0 1 0
2 0 0
3 1 0
3 2 0
1 2 0
0 0 1
0 2 1
1 0 1
7 6 1
7 8 1
6 8 1

0 0 0
0 1 0
2 0 0
3 1 0
3 2 0
1 2 0
0 0 1
0 2 1
1 0 1
8 7 1
8 9 1
7 9 1

0 0 0
0 1 0
2 0 0
3 1 0
3 2 0
1 2 0
0 0 1
0 2 1
1 0 1
9 8 1
9 10 1
8 10 1

0 0 0
0 1 0
2 0 0
3 1 0
3 2 0
1 2 0
0 0 1
0 2 1
2 0 1
4 2 1
4 4 1
2 4 1

0 0 0
0 1 0
2 0 0
3 1 0
3 2 0
1 2 0
0 0 1
0 2 1
2 0 1
4 2 1
4 5 1
3 5 1

0 0 0
0 1 0
2 0 0
3 1 0
3 2 0
1 2 0
0 0 1
0 2 1
2 0 1
5 3 1
5 5 1
3 5 1

0 0 0
0 1 0
2 0 0
3 1 0
3 2 0
1 2 0
0 0 1
0 2 1
2 0 1
5 3 1
5 6 1
4 6 1

0 0 0
0 1 0
2 0 0
3 1 0
3 2 0
1 2 0
0 0 1
0 2 1
2 0 1
6 4 1
6 6 1
4 6 1

0 0 0
0 1 0
2 0 0
3 1 0
3 2 0
1 2 0
0 0 1
0 2 1
2 0 1
6 4 1
6 7 1
5 7 1

0 0 0
0 1 0
2 0 0
3 1 0
3 2 0
1 2 0
0 0 1
0 2 1
2 0 1
7 5 1
7 7 1
5 7 1

0 0 0
0 1 0
2 0 0
3 1 0
3 2 0
1 2 0
0 0 1
0 2 1
2 0 1
7 5 1
7 8 1
6 8 1

0 0 0
0 1 0
2 0 0
3 1 0
3 2 0
1 2 0
0 0 1
0 2 1
2 0 1
8 6 1
8 8 1
6 8 1

0 0 0
0 1 0
2 0 0
3 1 0
3 2 0
1 2 0
0 0 1
0 2 1
3 0 1
5 2 1
5 4 1
2 4 1

0 0 0
0 1 0
2 0 0
3 1 0
3 2 0
1 2 0
0 0 1
0 2 1
3 0 1
5 2 1
5 5 1
3 5 1

0 0 0
0 1 0
2 0 0
3 1 0
3 2 0
1 2 0
0 0 1
0 2 1
3 0 1
5 2 1
5 6 1
4 6 1

0 0 0
0 1 0
2 0 0
3 1 0
3 2 0
1 2 0
0 0 1
0 2 1
3 0 1
6 3 1
6 5 1
3 5 1

0 0 0
0 1 0
2 0 0
3 1 0
3 2 0
1 2 0
0 0 1
0 2 1
3 0 1
6 3 1
6 6 1
4 6 1

0 0 0
0 1 0
2 0 0
3 1 0
3 2 0
1 2 0
0 0 1
0 2 1
3 0 1
6 3 1
6 7 1
5 7 1

0 0 0
0 1 0
2 0 0
3 1 0
3 2 0
1 2 0
0 0 1
0 2 1
3 0 1
7 4 1
7 6 1
4 6 1

0 0 0
0 1 0
2 0 0
3 1 0
3 2 0
1 2 0
0 0 1
0 2 1
3 0 1
7 4 1
7 7 1
5 7 1

0 0 0
0 1 0
2 0 0
3 1 0
3 2 0
1 2 0
0 0 1
0 2 1
4 0 1
6 2 1
6 4 1
2 4 1

0 0 0
0 1 0
2 0 0
3 1 0
3 2 0
1 2 0
0 0 1
0 2 1
4 0 1
6 2 1
6 5 1
3 5 1

0 0 0
0 1 0
2 0 0
3 1 0
3 2 0
1 2 0
0 0 1
0 2 1
4 0 1
6 2 1
6 6 1
4 6 1

0 0 0
0 1 0
2 0 0
3 1 0
3 2 0
1 2 0
0 0 1
0 2 1
4 0 1
6 2 1
6 7 1
5 7 1

