0 0 0
0 1 0
2 0 0
1 1 0
0 0 11
0 1 2
2 0 11
1 1 2

0 0 0
0 1 0
2 0 0
1 1 0
0 0 11
0 1 2
2 0 13
1 1 3

0 0 0
0 1 0
2 0 0
1 1 0
0 0 11
0 1 2
2 0 15
1 1 4

0 0 0
0 1 0
2 0 0
1 1 0
0 0 11
0 1 3
2 0 11
1 1 3

0 0 0
0 1 0
2 0 0
1 1 0
0 0 11
0 1 3
2 0 13
1 1 4

0 0 0
0 1 0
2 0 0
1 1 0
0 0 11
0 1 4
2 0 11
1 1 4

0 0 0
0 1 0
2 0 0
1 1 0
0 0 11
0 1 4
2 0 13
1 1 5

0 0 0
0 1 0
2 0 0
1 1 0
0 0 11
0 1 5
2 0 11
1 1 5

0 0 0
0 1 0
2 0 0
1 1 0
0 0 11
0 1 6
2 0 11
1 1 6

0 0 0
0 1 0
2 0 0
1 1 0
0 0 12
0 1 2
2 0 12
1 1 2

0 0 0
0 1 0
2 0 0
1 1 0
0 0 12
0 1 2
2 0 14
1 1 3

0 0 0
0 1 0
2 0 0
1 1 0
0 0 12
0 1 3
2 0 12
1 1 3

0 0 0
0 1 0
2 0 0
1 1 0
0 0 12
0 1 4
2 0 12
1 1 4

0 0 0
0 1 0
2 0 0
1 1 0
0 0 13
0 1 2
2 0 13
1 1 2

0 0 0
0 1 0
2 0 0
1 1 0
0 0 13
0 1 3
2 0 13
1 1 3

0 0 0
0 1 0
3 0 0
1 1 0
0 0 1
0 1 3
3 0 1
1 1 3

0 0 0
0 1 0
3 0 0
1 1 0
0 0 1
0 1 3
4 0 1
4 1 3

0 0 0
0 1 0
3 0 0
1 1 0
0 0 1
0 1 3
5 0 1
7 1 3

0 0 0
0 1 0
3 0 0
1 1 0
0 0 1
0 1 3
6 0 1
10 1 3

0 0 0
0 1 0
3 0 0
1 1 0
0 0 1
0 1 3
7 0 1
13 1 3

0 0 0
0 1 0
3 0 0
1 1 0
0 0 1
0 1 4
3 0 1
1 1 4

0 0 0
0 1 0
3 0 0
1 1 0
0 0 1
0 1 4
4 0 1
5 1 4

0 0 0
0 1 0
3 0 0
1 1 0
0 0 1
0 1 4
5 0 1
9 1 4

0 0 0
0 1 0
3 0 0
1 1 0
0 0 1
0 1 4
3 0 4
1 1 5

0 0 0
0 1 0
3 0 0
1 1 0
0 0 1
0 1 4
3 0 7
1 1 6

0 0 0
0 1 0
3 0 0
1 1 0
0 0 1
0 1 4
3 0 10
1 1 7

0 0 0
0 1 0
3 0 0
1 1 0
0 0 1
0 1 4
3 0 13
1 1 8

0 0 0
0 1 0
3 0 0
1 1 0
0 0 1
0 1 5
3 0 1
1 1 5

0 0 0
0 1 0
3 0 0
1 1 0
0 0 1
0 1 5
4 0 1
6 1 5

0 0 0
0 1 0
3 0 0
1 1 0
0 0 1
0 1 5
3 0 4
1 1 6

0 0 0
0 1 0
3 0 0
1 1 0
0 0 1
0 1 5
3 0 7
1 1 7

0 0 0
0 1 0
3 0 0
1 1 0
0 0 1
0 1 5
3 0 10
1 1 8

0 0 0
0 1 0
3 0 0
1 1 0
0 0 1
0 1 5
3 0 13
1 1 9

0 0 0
0 1 0
3 0 0
1 1 0
0 0 1
0 1 6
3 0 1
1 1 6

0 0 0
0 1 0
3 0 0
1 1 0
0 0 1
0 1 6
4 0 1
7 1 6

0 0 0
0 1 0
3 0 0
1 1 0
0 0 1
0 1 6
3 0 4
1 1 7

0 0 0
0 1 0
3 0 0
1 1 0
0 0 1
0 1 6
3 0 7
1 1 8

0 0 0
0 1 0
3 0 0
1 1 0
0 0 1
0 1 6
3 0 10
1 1 9

0 0 0
0 1 0
3 0 0
1 1 0
0 0 1
0 1 6
3 0 13
1 1 10

0 0 0
0 1 0
3 0 0
1 1 0
0 0 1
0 1 7
3 0 1
1 1 7

0 0 0
0 1 0
3 0 0
1 1 0
0 0 1
0 1 7
3 0 4
1 1 8

0 0 0
0 1 0
3 0 0
1 1 0
0 0 1
0 1 7
3 0 7
1 1 9

0 0 0
0 1 0
3 0 0
1 1 0
0 0 1
0 1 7
3 0 10
1 1 10

0 0 0
0 1 0
3 0 0
1 1 0
0 0 1
0 1 8
3 0 1
1 1 8

0 0 0
0 1 0
3 0 0
1 1 0
0 0 1
0 1 8
3 0 4
1 1 9

0 0 0
0 1 0
3 0 0
1 1 0
0 0 1
0 1 8
3 0 7
1 1 10

0 0 0
0 1 0
3 0 0
1 1 0
0 0 1
0 1 8
3 0 10
1 1 11

0 0 0
0 1 0
3 0 0
1 1 0
0 0 1
0 1 9
3 0 1
1 1 9

0 0 0
0 1 0
3 0 0
1 1 0
0 0 1
0 1 9
3 0 4
1 1 10

0 0 0
0 1 0
3 0 0
1 1 0
0 0 1
0 1 9
3 0 7
1 1 11

