0 0 0
0 1 0
5 0 0
5 2 0
1 2 0
0 0 1
9 0 2
1 0 2

0 0 0
0 1 0
5 0 0
5 2 0
1 2 0
0 0 1
11 0 2
1 0 2

0 0 0
0 1 0
5 0 0
5 2 0
1 2 0
0 0 1
13 0 2
1 0 2

0 0 0
0 1 0
7 0 0
5 2 0
1 2 0
0 0 1
5 0 2
1 0 2

0 0 0
0 1 0
7 0 0
5 2 0
1 2 0
0 0 1
7 0 2
1 0 2

0 0 0
0 1 0
7 0 0
5 2 0
1 2 0
0 0 1
9 0 2
1 0 2

0 0 0
0 1 0
7 0 0
5 2 0
1 2 0
0 0 1
11 0 2
1 0 2

0 0 0
0 1 0
9 0 0
5 2 0
1 2 0
0 0 1
5 0 2
1 0 2

0 0 0
0 1 0
9 0 0
5 2 0
1 2 0
0 0 1
7 0 2
1 0 2

0 0 0
0 1 0
9 0 0
5 2 0
1 2 0
0 0 1
9 0 2
1 0 2

0 0 0
0 1 0
11 0 0
5 2 0
1 2 0
0 0 1
5 0 2
1 0 2

0 0 0
0 1 0
11 0 0
5 2 0
1 2 0
0 0 1
7 0 2
1 0 2

0 0 0
0 1 0
13 0 0
5 2 0
1 2 0
0 0 1
5 0 2
1 0 2

0 0 0
0 1 0
2 0 0
6 2 0
1 2 0
0 0 1
6 0 2
1 0 2

0 0 0
0 1 0
2 0 0
6 2 0
1 2 0
0 0 1
8 0 2
1 0 2

0 0 0
0 1 0
2 0 0
6 2 0
1 2 0
0 0 1
10 0 2
1 0 2

0 0 0
0 1 0
2 0 0
6 2 0
1 2 0
0 0 1
12 0 2
1 0 2

0 0 0
0 1 0
2 0 0
6 2 0
1 2 0
0 0 1
14 0 2
1 0 2

0 0 0
0 1 0
4 0 0
6 2 0
1 2 0
0 0 1
6 0 2
1 0 2

0 0 0
0 1 0
4 0 0
6 2 0
1 2 0
0 0 1
8 0 2
1 0 2

0 0 0
0 1 0
4 0 0
6 2 0
1 2 0
0 0 1
10 0 2
1 0 2

0 0 0
0 1 0
4 0 0
6 2 0
1 2 0
0 0 1
12 0 2
1 0 2

0 0 0
0 1 0
6 0 0
6 2 0
1 2 0
0 0 1
6 0 2
1 0 2

0 0 0
0 1 0
6 0 0
6 2 0
1 2 0
0 0 1
8 0 2
1 0 2

0 0 0
0 1 0
6 0 0
6 2 0
1 2 0
0 0 1
10 0 2
1 0 2

0 0 0
0 1 0
8 0 0
6 2 0
1 2 0
0 0 1
6 0 2
1 0 2

0 0 0
0 1 0
8 0 0
6 2 0
1 2 0
0 0 1
8 0 2
1 0 2

0 0 0
0 1 0
10 0 0
6 2 0
1 2 0
0 0 1
6 0 2
1 0 2

0 0 0
0 1 0
1 0 0
7 2 0
1 2 0
0 0 1
7 0 2
1 0 2

0 0 0
0 1 0
1 0 0
7 2 0
1 2 0
0 0 1
9 0 2
1 0 2

0 0 0
0 1 0
1 0 0
7 2 0
1 2 0
0 0 1
11 0 2
1 0 2

0 0 0
0 1 0
1 0 0
7 2 0
1 2 0
0 0 1
13 0 2
1 0 2

0 0 0
0 1 0
1 0 0
7 2 0
1 2 0
0 0 1
15 0 2
1 0 2

0 0 0
0 1 0
3 0 0
7 2 0
1 2 0
0 0 1
7 0 2
1 0 2

0 0 0
0 1 0
3 0 0
7 2 0
1 2 0
0 0 1
9 0 2
1 0 2

0 0 0
0 1 0
3 0 0
7 2 0
1 2 0
0 0 1
11 0 2
1 0 2

0 0 0
0 1 0
3 0 0
7 2 0
1 2 0
0 0 1
13 0 2
1 0 2

0 0 0
0 1 0
5 0 0
7 2 0
1 2 0
0 0 1
7 0 2
1 0 2

0 0 0
0 1 0
5 0 0
7 2 0
1 2 0
0 0 1
9 0 2
1 0 2

0 0 0
0 1 0
5 0 0
7 2 0
1 2 0
0 0 1
11 0 2
1 0 2

0 0 0
0 1 0
7 0 0
7 2 0
1 2 0
0 0 1
7 0 2
1 0 2

0 0 0
0 1 0
7 0 0
7 2 0
1 2 0
0 0 1
9 0 2
1 0 2

0 0 0
0 1 0
9 0 0
7 2 0
1 2 0
0 0 1
7 0 2
1 0 2

0 0 0
0 1 0
2 0 0
8 2 0
1 2 0
0 0 1
8 0 2
1 0 2

0 0 0
0 1 0
2 0 0
8 2 0
1 2 0
0 0 1
10 0 2
1 0 2

0 0 0
0 1 0
2 0 0
8 2 0
1 2 0
0 0 1
12 0 2
1 0 2

0 0 0
0 1 0
4 0 0
8 2 0
1 2 0
0 0 1
8 0 2
1 0 2

0 0 0
0 1 0
4 0 0
8 2 0
1 2 0
0 0 1
10 0 2
1 0 2

0 0 0
0 1 0
6 0 0
8 2 0
1 2 0
0 0 1
8 0 2
1 0 2

0 0 0
0 1 0
1 0 0
9 2 0
1 2 0
0 0 1
9 0 2
1 0 2

