0 0 0
0 1 0
2 0 0
8 6 0
4 4 0
1 2 0
0 0 1
0 1 1
1 0 1
7 6 1
5 5 1
2 3 1

0 0 0
0 1 0
2 0 0
8 6 0
4 4 0
1 2 0
0 0 1
0 1 1
1 0 1
8 7 1
6 6 1
3 4 1

0 0 0
0 1 0
2 0 0
8 6 0
4 4 0
1 2 0
0 0 1
0 1 1
1 0 1
9 8 1
7 7 1
4 5 1

0 0 0
0 1 0
2 0 0
8 6 0
4 4 0
1 2 0
0 0 1
0 1 1
1 0 1
10 9 1
8 8 1
5 6 1

0 0 0
0 1 0
2 0 0
8 6 0
4 4 0
1 2 0
0 0 1
0 1 1
1 0 1
11 10 1
9 9 1
6 7 1

0 0 0
0 1 0
2 0 0
8 6 0
4 4 0
1 2 0
0 0 1
0 1 1
2 0 1
8 6 1
4 4 1
1 2 1

0 0 0
0 1 0
2 0 0
8 6 0
4 4 0
1 2 0
0 0 1
0 1 1
2 0 1
9 7 1
7 6 1
1 2 1

0 0 0
0 1 0
2 0 0
8 6 0
4 4 0
1 2 0
0 0 1
0 1 1
2 0 1
9 7 1
5 5 1
2 3 1

0 0 0
0 1 0
2 0 0
8 6 0
4 4 0
1 2 0
0 0 1
0 1 1
2 0 1
10 8 1
8 7 1
2 3 1

0 0 0
0 1 0
2 0 0
8 6 0
4 4 0
1 2 0
0 0 1
0 1 1
2 0 1
10 8 1
6 6 1
3 4 1

0 0 0
0 1 0
2 0 0
8 6 0
4 4 0
1 2 0
0 0 1
0 1 1
2 0 1
11 9 1
9 8 1
3 4 1

0 0 0
0 1 0
2 0 0
8 6 0
4 4 0
1 2 0
0 0 1
0 1 1
3 0 1
10 7 1
4 4 1
1 2 1

0 0 0
0 1 0
2 0 0
8 6 0
4 4 0
1 2 0
0 0 1
0 2 1
1 0 1
9 8 1
7 7 1
1 3 1

0 0 0
0 1 0
2 0 0
8 6 0
4 4 0
1 2 0
0 0 1
0 2 1
1 0 1
10 9 1
8 8 1
2 4 1

0 0 0
0 1 0
2 0 0
11 9 0
5 5 0
1 2 0
0 0 1
0 1 1
1 0 1
9 8 1
6 6 1
2 3 1

0 0 0
0 1 0
2 0 0
11 9 0
5 5 0
1 2 0
0 0 1
0 1 1
1 0 1
10 9 1
7 7 1
3 4 1

0 0 0
0 1 0
3 0 0
6 3 0
3 3 0
1 2 0
0 0 1
0 1 1
1 0 1
5 4 1
4 4 1
2 3 1

0 0 0
0 1 0
3 0 0
6 3 0
3 3 0
1 2 0
0 0 1
0 1 1
1 0 1
6 5 1
5 5 1
3 4 1

0 0 0
0 1 0
3 0 0
6 3 0
3 3 0
1 2 0
0 0 1
0 1 1
1 0 1
7 6 1
6 6 1
4 5 1

0 0 0
0 1 0
3 0 0
6 3 0
3 3 0
1 2 0
0 0 1
0 1 1
1 0 1
8 7 1
7 7 1
5 6 1

0 0 0
0 1 0
3 0 0
6 3 0
3 3 0
1 2 0
0 0 1
0 1 1
1 0 1
9 8 1
8 8 1
6 7 1

0 0 0
0 1 0
3 0 0
6 3 0
3 3 0
1 2 0
0 0 1
0 1 1
1 0 1
10 9 1
9 9 1
7 8 1

0 0 0
0 1 0
3 0 0
6 3 0
3 3 0
1 2 0
0 0 1
0 1 1
1 0 1
11 10 1
10 10 1
8 9 1

0 0 0
0 1 0
3 0 0
6 3 0
3 3 0
1 2 0
0 0 1
0 1 1
2 0 1
6 4 1
5 4 1
1 2 1

0 0 0
0 1 0
3 0 0
6 3 0
3 3 0
1 2 0
0 0 1
0 1 1
2 0 1
6 4 1
4 4 1
2 3 1

0 0 0
0 1 0
3 0 0
6 3 0
3 3 0
1 2 0
0 0 1
0 1 1
2 0 1
7 5 1
6 5 1
2 3 1

0 0 0
0 1 0
3 0 0
6 3 0
3 3 0
1 2 0
0 0 1
0 1 1
2 0 1
7 5 1
5 5 1
3 4 1

0 0 0
0 1 0
3 0 0
6 3 0
3 3 0
1 2 0
0 0 1
0 1 1
2 0 1
8 6 1
7 6 1
3 4 1

0 0 0
0 1 0
3 0 0
6 3 0
3 3 0
1 2 0
0 0 1
0 1 1
2 0 1
8 6 1
6 6 1
4 5 1

0 0 0
0 1 0
3 0 0
6 3 0
3 3 0
1 2 0
0 0 1
0 1 1
2 0 1
9 7 1
8 7 1
4 5 1

0 0 0
0 1 0
3 0 0
6 3 0
3 3 0
1 2 0
0 0 1
0 1 1
2 0 1
9 7 1
7 7 1
5 6 1

0 0 0
0 1 0
3 0 0
6 3 0
3 3 0
1 2 0
0 0 1
0 1 1
2 0 1
10 8 1
9 8 1
5 6 1

0 0 0
0 1 0
3 0 0
6 3 0
3 3 0
1 2 0
0 0 1
0 1 1
3 0 1
6 3 1
3 3 1
1 2 1

0 0 0
0 1 0
3 0 0
6 3 0
3 3 0
1 2 0
0 0 1
0 1 1
3 0 1
7 4 1
5 4 1
1 2 1

0 0 0
0 1 0
3 0 0
6 3 0
3 3 0
1 2 0
0 0 1
0 1 1
3 0 1
7 4 1
4 4 1
2 3 1

0 0 0
0 1 0
3 0 0
6 3 0
3 3 0
1 2 0
0 0 1
0 1 1
3 0 1
8 5 1
7 5 1
1 2 1

0 0 0
0 1 0
3 0 0
6 3 0
3 3 0
1 2 0
0 0 1
0 1 1
3 0 1
8 5 1
6 5 1
2 3 1

0 0 0
0 1 0
3 0 0
6 3 0
3 3 0
1 2 0
0 0 1
0 1 1
3 0 1
8 5 1
5 5 1
3 4 1

0 0 0
0 1 0
3 0 0
6 3 0
3 3 0
1 2 0
0 0 1
0 1 1
3 0 1
9 6 1
8 6 1
2 3 1

0 0 0
0 1 0
3 0 0
6 3 0
3 3 0
1 2 0
0 0 1
0 1 1
3 0 1
9 6 1
7 6 1
3 4 1

0 0 0
0 1 0
3 0 0
6 3 0
3 3 0
1 2 0
0 0 1
0 1 1
4 0 1
7 3 1
3 3 1
1 2 1

0 0 0
0 1 0
3 0 0
6 3 0
3 3 0
1 2 0
0 0 1
0 1 1
4 0 1
8 4 1
5 4 1
1 2 1

0 0 0
0 1 0
3 0 0
6 3 0
3 3 0
1 2 0
0 0 1
0 1 1
4 0 1
8 4 1
4 4 1
2 3 1

0 0 0
0 1 0
3 0 0
6 3 0
3 3 0
1 2 0
0 0 1
0 1 1
4 0 1
9 5 1
7 5 1
1 2 1

0 0 0
0 1 0
3 0 0
6 3 0
3 3 0
1 2 0
0 0 1
0 1 1
4 0 1
9 5 1
6 5 1
2 3 1

0 0 0
0 1 0
3 0 0
6 3 0
3 3 0
1 2 0
0 0 1
0 1 1
4 0 1
10 6 1
9 6 1
1 2 1

0 0 0
0 1 0
3 0 0
6 3 0
3 3 0
1 2 0
0 0 1
0 1 1
5 0 1
8 3 1
3 3 1
1 2 1

0 0 0
0 1 0
3 0 0
6 3 0
3 3 0
1 2 0
0 0 1
0 1 1
5 0 1
9 4 1
5 4 1
1 2 1

0 0 0
0 1 0
3 0 0
6 3 0
3 3 0
1 2 0
0 0 1
0 1 1
6 0 1
9 3 1
3 3 1
1 2 1

0 0 0
0 1 0
3 0 0
6 3 0
3 3 0
1 2 0
0 0 1
0 2 1
1 0 1
6 5 1
5 5 1
1 3 1

