0 0 0
0 1 0
13 0 0
10 1 0
0 0 1
16 0 1

0 0 0
0 1 0
13 0 0
10 1 0
0 0 1
17 0 1

0 0 0
0 1 0
13 0 0
10 1 0
0 0 1
18 0 1

0 0 0
0 1 0
13 0 0
10 1 0
0 0 1
19 0 1

0 0 0
0 1 0
13 0 0
10 1 0
0 0 1
20 0 1

0 0 0
0 1 0
13 0 0
10 1 0
0 0 1
21 0 1

0 0 0
0 1 0
13 0 0
10 1 0
0 0 1
22 0 1

0 0 0
0 1 0
13 0 0
10 1 0
0 0 1
23 0 1

0 0 0
0 1 0
13 0 0
10 1 0
0 0 1
24 0 1

0 0 0
0 1 0
14 0 0
10 1 0
0 0 1
14 0 1

0 0 0
0 1 0
14 0 0
10 1 0
0 0 1
15 0 1

0 0 0
0 1 0
14 0 0
10 1 0
0 0 1
16 0 1

0 0 0
0 1 0
14 0 0
10 1 0
0 0 1
17 0 1

0 0 0
0 1 0
14 0 0
10 1 0
0 0 1
18 0 1

0 0 0
0 1 0
14 0 0
10 1 0
0 0 1
19 0 1

0 0 0
0 1 0
14 0 0
10 1 0
0 0 1
20 0 1

0 0 0
0 1 0
14 0 0
10 1 0
0 0 1
21 0 1

0 0 0
0 1 0
14 0 0
10 1 0
0 0 1
22 0 1

0 0 0
0 1 0
14 0 0
10 1 0
0 0 1
23 0 1

0 0 0
0 1 0
15 0 0
10 1 0
0 0 1
15 0 1

0 0 0
0 1 0
15 0 0
10 1 0
0 0 1
16 0 1

0 0 0
0 1 0
15 0 0
10 1 0
0 0 1
17 0 1

0 0 0
0 1 0
15 0 0
10 1 0
0 0 1
18 0 1

0 0 0
0 1 0
15 0 0
10 1 0
0 0 1
19 0 1

0 0 0
0 1 0
15 0 0
10 1 0
0 0 1
20 0 1

0 0 0
0 1 0
15 0 0
10 1 0
0 0 1
21 0 1

0 0 0
0 1 0
15 0 0
10 1 0
0 0 1
22 0 1

0 0 0
0 1 0
16 0 0
10 1 0
0 0 1
16 0 1

0 0 0
0 1 0
16 0 0
10 1 0
0 0 1
17 0 1

0 0 0
0 1 0
16 0 0
10 1 0
0 0 1
18 0 1

0 0 0
0 1 0
16 0 0
10 1 0
0 0 1
19 0 1

0 0 0
0 1 0
16 0 0
10 1 0
0 0 1
20 0 1

0 0 0
0 1 0
16 0 0
10 1 0
0 0 1
21 0 1

0 0 0
0 1 0
17 0 0
10 1 0
0 0 1
17 0 1

0 0 0
0 1 0
17 0 0
10 1 0
0 0 1
18 0 1

0 0 0
0 1 0
17 0 0
10 1 0
0 0 1
19 0 1

0 0 0
0 1 0
17 0 0
10 1 0
0 0 1
20 0 1

0 0 0
0 1 0
18 0 0
10 1 0
0 0 1
18 0 1

0 0 0
0 1 0
18 0 0
10 1 0
0 0 1
19 0 1

0 0 0
0 1 0
11 0 0
11 1 0
0 0 1
11 0 1

0 0 0
0 1 0
11 0 0
11 1 0
0 0 1
12 0 1

0 0 0
0 1 0
11 0 0
11 1 0
0 0 1
13 0 1

0 0 0
0 1 0
11 0 0
11 1 0
0 0 1
14 0 1

0 0 0
0 1 0
11 0 0
11 1 0
0 0 1
15 0 1

0 0 0
0 1 0
11 0 0
11 1 0
0 0 1
16 0 1

0 0 0
0 1 0
11 0 0
11 1 0
0 0 1
17 0 1

0 0 0
0 1 0
11 0 0
11 1 0
0 0 1
18 0 1

0 0 0
0 1 0
11 0 0
11 1 0
0 0 1
19 0 1

0 0 0
0 1 0
11 0 0
11 1 0
0 0 1
20 0 1

0 0 0
0 1 0
11 0 0
11 1 0
0 0 1
21 0 1

0 0 0
0 1 0
11 0 0
11 1 0
0 0 1
22 0 1

0 0 0
0 1 0
11 0 0
11 1 0
0 0 1
23 0 1

0 0 0
0 1 0
11 0 0
11 1 0
0 0 1
24 0 1

0 0 0
0 1 0
11 0 0
11 1 0
0 0 1
25 0 1

0 0 0
0 1 0
12 0 0
11 1 0
0 0 1
12 0 1

0 0 0
0 1 0
12 0 0
11 1 0
0 0 1
13 0 1

0 0 0
0 1 0
12 0 0
11 1 0
0 0 1
14 0 1

0 0 0
0 1 0
12 0 0
11 1 0
0 0 1
15 0 1

0 0 0
0 1 0
12 0 0
11 1 0
0 0 1
16 0 1

0 0 0
0 1 0
12 0 0
11 1 0
0 0 1
17 0 1

0 0 0
0 1 0
12 0 0
11 1 0
0 0 1
18 0 1

0 0 0
0 1 0
12 0 0
11 1 0
0 0 1
19 0 1

0 0 0
0 1 0
12 0 0
11 1 0
0 0 1
20 0 1

0 0 0
0 1 0
12 0 0
11 1 0
0 0 1
21 0 1

0 0 0
0 1 0
12 0 0
11 1 0
0 0 1
22 0 1

0 0 0
0 1 0
12 0 0
11 1 0
0 0 1
23 0 1

0 0 0
0 1 0
12 0 0
11 1 0
0 0 1
24 0 1

0 0 0
0 1 0
13 0 0
11 1 0
0 0 1
13 0 1

0 0 0
0 1 0
13 0 0
11 1 0
0 0 1
14 0 1

0 0 0
0 1 0
13 0 0
11 1 0
0 0 1
15 0 1

0 0 0
0 1 0
13 0 0
11 1 0
0 0 1
16 0 1

0 0 0
0 1 0
13 0 0
11 1 0
0 0 1
17 0 1

0 0 0
0 1 0
13 0 0
11 1 0
0 0 1
18 0 1

0 0 0
0 1 0
13 0 0
11 1 0
0 0 1
19 0 1

0 0 0
0 1 0
13 0 0
11 1 0
0 0 1
20 0 1

0 0 0
0 1 0
13 0 0
11 1 0
0 0 1
21 0 1

0 0 0
0 1 0
13 0 0
11 1 0
0 0 1
22 0 1

0 0 0
0 1 0
13 0 0
11 1 0
0 0 1
23 0 1

0 0 0
0 1 0
14 0 0
11 1 0
0 0 1
14 0 1

0 0 0
0 1 0
14 0 0
11 1 0
0 0 1
15 0 1

0 0 0
0 1 0
14 0 0
11 1 0
0 0 1
16 0 1

0 0 0
0 1 0
14 0 0
11 1 0
0 0 1
17 0 1

0 0 0
0 1 0
14 0 0
11 1 0
0 0 1
18 0 1

0 0 0
0 1 0
14 0 0
11 1 0
0 0 1
19 0 1

0 0 0
0 1 0
14 0 0
11 1 0
0 0 1
20 0 1

0 0 0
0 1 0
14 0 0
11 1 0
0 0 1
21 0 1

0 0 0
0 1 0
14 0 0
11 1 0
0 0 1
22 0 1

0 0 0
0 1 0
15 0 0
11 1 0
0 0 1
15 0 1

0 0 0
0 1 0
15 0 0
11 1 0
0 0 1
16 0 1

0 0 0
0 1 0
15 0 0
11 1 0
0 0 1
17 0 1

0 0 0
0 1 0
15 0 0
11 1 0
0 0 1
18 0 1

0 0 0
0 1 0
15 0 0
11 1 0
0 0 1
19 0 1

0 0 0
0 1 0
15 0 0
11 1 0
0 0 1
20 0 1

0 0 0
0 1 0
15 0 0
11 1 0
0 0 1
21 0 1

0 0 0
0 1 0
16 0 0
11 1 0
0 0 1
16 0 1

0 0 0
0 1 0
16 0 0
11 1 0
0 0 1
17 0 1

0 0 0
0 1 0
16 0 0
11 1 0
0 0 1
18 0 1

0 0 0
0 1 0
16 0 0
11 1 0
0 0 1
19 0 1

0 0 0
0 1 0
16 0 0
11 1 0
0 0 1
20 0 1

0 0 0
0 1 0
17 0 0
11 1 0
0 0 1
17 0 1

0 0 0
0 1 0
17 0 0
11 1 0
0 0 1
18 0 1

0 0 0
0 1 0
17 0 0
11 1 0
0 0 1
19 0 1

0 0 0
0 1 0
18 0 0
11 1 0
0 0 1
18 0 1

0 0 0
0 1 0
12 0 0
12 1 0
0 0 1
12 0 1

0 0 0
0 1 0
12 0 0
12 1 0
0 0 1
13 0 1

0 0 0
0 1 0
12 0 0
12 1 0
0 0 1
14 0 1

0 0 0
0 1 0
12 0 0
12 1 0
0 0 1
15 0 1

0 0 0
0 1 0
12 0 0
12 1 0
0 0 1
16 0 1

0 0 0
0 1 0
12 0 0
12 1 0
0 0 1
17 0 1

0 0 0
0 1 0
12 0 0
12 1 0
0 0 1
18 0 1

0 0 0
0 1 0
12 0 0
12 1 0
0 0 1
19 0 1

0 0 0
0 1 0
12 0 0
12 1 0
0 0 1
20 0 1

0 0 0
0 1 0
12 0 0
12 1 0
0 0 1
21 0 1

0 0 0
0 1 0
12 0 0
12 1 0
0 0 1
22 0 1

0 0 0
0 1 0
12 0 0
12 1 0
0 0 1
23 0 1

0 0 0
0 1 0
13 0 0
12 1 0
0 0 1
13 0 1

0 0 0
0 1 0
13 0 0
12 1 0
0 0 1
14 0 1

0 0 0
0 1 0
13 0 0
12 1 0
0 0 1
15 0 1

0 0 0
0 1 0
13 0 0
12 1 0
0 0 1
16 0 1

0 0 0
0 1 0
13 0 0
12 1 0
0 0 1
17 0 1

0 0 0
0 1 0
13 0 0
12 1 0
0 0 1
18 0 1

0 0 0
0 1 0
13 0 0
12 1 0
0 0 1
19 0 1

0 0 0
0 1 0
13 0 0
12 1 0
0 0 1
20 0 1

0 0 0
0 1 0
13 0 0
12 1 0
0 0 1
21 0 1

0 0 0
0 1 0
13 0 0
12 1 0
0 0 1
22 0 1

0 0 0
0 1 0
14 0 0
12 1 0
0 0 1
14 0 1

0 0 0
0 1 0
14 0 0
12 1 0
0 0 1
15 0 1

0 0 0
0 1 0
14 0 0
12 1 0
0 0 1
16 0 1

0 0 0
0 1 0
14 0 0
12 1 0
0 0 1
17 0 1

0 0 0
0 1 0
14 0 0
12 1 0
0 0 1
18 0 1

0 0 0
0 1 0
14 0 0
12 1 0
0 0 1
19 0 1

0 0 0
0 1 0
14 0 0
12 1 0
0 0 1
20 0 1

0 0 0
0 1 0
14 0 0
12 1 0
0 0 1
21 0 1

0 0 0
0 1 0
15 0 0
12 1 0
0 0 1
15 0 1

0 0 0
0 1 0
15 0 0
12 1 0
0 0 1
16 0 1

0 0 0
0 1 0
15 0 0
12 1 0
0 0 1
17 0 1

0 0 0
0 1 0
15 0 0
12 1 0
0 0 1
18 0 1

0 0 0
0 1 0
15 0 0
12 1 0
0 0 1
19 0 1

0 0 0
0 1 0
15 0 0
12 1 0
0 0 1
20 0 1

0 0 0
0 1 0
16 0 0
12 1 0
0 0 1
16 0 1

0 0 0
0 1 0
16 0 0
12 1 0
0 0 1
17 0 1

0 0 0
0 1 0
16 0 0
12 1 0
0 0 1
18 0 1

0 0 0
0 1 0
16 0 0
12 1 0
0 0 1
19 0 1

0 0 0
0 1 0
17 0 0
12 1 0
0 0 1
17 0 1

0 0 0
0 1 0
17 0 0
12 1 0
0 0 1
18 0 1

0 0 0
0 1 0
13 0 0
13 1 0
0 0 1
13 0 1

0 0 0
0 1 0
13 0 0
13 1 0
0 0 1
14 0 1

0 0 0
0 1 0
13 0 0
13 1 0
0 0 1
15 0 1

0 0 0
0 1 0
13 0 0
13 1 0
0 0 1
16 0 1

0 0 0
0 1 0
13 0 0
13 1 0
0 0 1
17 0 1

0 0 0
0 1 0
13 0 0
13 1 0
0 0 1
18 0 1

0 0 0
0 1 0
13 0 0
13 1 0
0 0 1
19 0 1

0 0 0
0 1 0
13 0 0
13 1 0
0 0 1
20 0 1

0 0 0
0 1 0
13 0 0
13 1 0
0 0 1
21 0 1

0 0 0
0 1 0
14 0 0
13 1 0
0 0 1
14 0 1

0 0 0
0 1 0
14 0 0
13 1 0
0 0 1
15 0 1

0 0 0
0 1 0
14 0 0
13 1 0
0 0 1
16 0 1

0 0 0
0 1 0
14 0 0
13 1 0
0 0 1
17 0 1

0 0 0
0 1 0
14 0 0
13 1 0
0 0 1
18 0 1

0 0 0
0 1 0
14 0 0
13 1 0
0 0 1
19 0 1

0 0 0
0 1 0
14 0 0
13 1 0
0 0 1
20 0 1

0 0 0
0 1 0
15 0 0
13 1 0
0 0 1
15 0 1

0 0 0
0 1 0
15 0 0
13 1 0
0 0 1
16 0 1

0 0 0
0 1 0
15 0 0
13 1 0
0 0 1
17 0 1

0 0 0
0 1 0
15 0 0
13 1 0
0 0 1
18 0 1

0 0 0
0 1 0
15 0 0
13 1 0
0 0 1
19 0 1

0 0 0
0 1 0
16 0 0
13 1 0
0 0 1
16 0 1

0 0 0
0 1 0
16 0 0
13 1 0
0 0 1
17 0 1

0 0 0
0 1 0
16 0 0
13 1 0
0 0 1
18 0 1

0 0 0
0 1 0
17 0 0
13 1 0
0 0 1
17 0 1

0 0 0
0 1 0
14 0 0
14 1 0
0 0 1
14 0 1

0 0 0
0 1 0
14 0 0
14 1 0
0 0 1
15 0 1

0 0 0
0 1 0
14 0 0
14 1 0
0 0 1
16 0 1

0 0 0
0 1 0
14 0 0
14 1 0
0 0 1
17 0 1

0 0 0
0 1 0
14 0 0
14 1 0
0 0 1
18 0 1

0 0 0
0 1 0
14 0 0
14 1 0
0 0 1
19 0 1

0 0 0
0 1 0
15 0 0
14 1 0
0 0 1
15 0 1

0 0 0
0 1 0
15 0 0
14 1 0
0 0 1
16 0 1

0 0 0
0 1 0
15 0 0
14 1 0
0 0 1
17 0 1

0 0 0
0 1 0
15 0 0
14 1 0
0 0 1
18 0 1

0 0 0
0 1 0
16 0 0
14 1 0
0 0 1
16 0 1

0 0 0
0 1 0
16 0 0
14 1 0
0 0 1
17 0 1

0 0 0
0 1 0
15 0 0
15 1 0
0 0 1
15 0 1

0 0 0
0 1 0
15 0 0
15 1 0
0 0 1
16 0 1

0 0 0
0 1 0
15 0 0
15 1 0
0 0 1
17 0 1

0 0 0
0 1 0
16 0 0
15 1 0
0 0 1
16 0 1

0 0 0
0 2 0
1 0 0
1 2 0
0 0 2
1 0 2

0 0 0
0 2 0
1 0 0
1 2 0
0 0 2
3 0 2

0 0 0
0 2 0
1 0 0
1 2 0
0 0 2
5 0 2

0 0 0
0 2 0
1 0 0
1 2 0
0 0 2
7 0 2

0 0 0
0 2 0
1 0 0
1 2 0
0 0 2
9 0 2

0 0 0
0 2 0
1 0 0
1 2 0
0 0 2
11 0 2

0 0 0
0 2 0
1 0 0
1 2 0
0 0 2
13 0 2

0 0 0
0 2 0
1 0 0
1 2 0
0 0 2
15 0 2

0 0 0
0 2 0
1 0 0
1 2 0
0 0 2
17 0 2

0 0 0
0 2 0
1 0 0
1 2 0
0 0 2
19 0 2

0 0 0
0 2 0
3 0 0
1 2 0
0 0 2
3 0 2

0 0 0
0 2 0
3 0 0
1 2 0
0 0 2
5 0 2

0 0 0
0 2 0
3 0 0
1 2 0
0 0 2
7 0 2

0 0 0
0 2 0
3 0 0
1 2 0
0 0 2
9 0 2

