0 0 0
0 1 0
2 0 0
1 1 0
0 0 2
0 1 6
2 0 4
1 1 7

0 0 0
0 1 0
2 0 0
1 1 0
0 0 2
0 1 6
2 0 6
1 1 8

0 0 0
0 1 0
2 0 0
1 1 0
0 0 2
0 1 6
2 0 8
1 1 9

0 0 0
0 1 0
2 0 0
1 1 0
0 0 2
0 1 6
2 0 10
1 1 10

0 0 0
0 1 0
2 0 0
1 1 0
0 0 2
0 1 6
2 0 12
1 1 11

0 0 0
0 1 0
2 0 0
1 1 0
0 0 2
0 1 6
2 0 14
1 1 12

0 0 0
0 1 0
2 0 0
1 1 0
0 0 2
0 1 7
2 0 2
1 1 7

0 0 0
0 1 0
2 0 0
1 1 0
0 0 2
0 1 7
2 0 4
1 1 8

0 0 0
0 1 0
2 0 0
1 1 0
0 0 2
0 1 7
2 0 6
1 1 9

0 0 0
0 1 0
2 0 0
1 1 0
0 0 2
0 1 7
2 0 8
1 1 10

0 0 0
0 1 0
2 0 0
1 1 0
0 0 2
0 1 7
2 0 10
1 1 11

0 0 0
0 1 0
2 0 0
1 1 0
0 0 2
0 1 7
2 0 12
1 1 12

0 0 0
0 1 0
2 0 0
1 1 0
0 0 2
0 1 7
2 0 14
1 1 13

0 0 0
0 1 0
2 0 0
1 1 0
0 0 2
0 1 8
2 0 2
1 1 8

0 0 0
0 1 0
2 0 0
1 1 0
0 0 2
0 1 8
2 0 4
1 1 9

0 0 0
0 1 0
2 0 0
1 1 0
0 0 2
0 1 8
2 0 6
1 1 10

0 0 0
0 1 0
2 0 0
1 1 0
0 0 2
0 1 8
2 0 8
1 1 11

0 0 0
0 1 0
2 0 0
1 1 0
0 0 2
0 1 8
2 0 10
1 1 12

0 0 0
0 1 0
2 0 0
1 1 0
0 0 2
0 1 8
2 0 12
1 1 13

0 0 0
0 1 0
2 0 0
1 1 0
0 0 2
0 1 9
2 0 2
1 1 9

0 0 0
0 1 0
2 0 0
1 1 0
0 0 2
0 1 9
2 0 4
1 1 10

0 0 0
0 1 0
2 0 0
1 1 0
0 0 2
0 1 9
2 0 6
1 1 11

0 0 0
0 1 0
2 0 0
1 1 0
0 0 2
0 1 9
2 0 8
1 1 12

0 0 0
0 1 0
2 0 0
1 1 0
0 0 2
0 1 9
2 0 10
1 1 13

0 0 0
0 1 0
2 0 0
1 1 0
0 0 2
0 1 9
2 0 12
1 1 14

0 0 0
0 1 0
2 0 0
1 1 0
0 0 2
0 1 10
2 0 2
1 1 10

0 0 0
0 1 0
2 0 0
1 1 0
0 0 2
0 1 10
2 0 4
1 1 11

0 0 0
0 1 0
2 0 0
1 1 0
0 0 2
0 1 10
2 0 6
1 1 12

0 0 0
0 1 0
2 0 0
1 1 0
0 0 2
0 1 10
2 0 8
1 1 13

0 0 0
0 1 0
2 0 0
1 1 0
0 0 2
0 1 10
2 0 10
1 1 14

0 0 0
0 1 0
2 0 0
1 1 0
0 0 2
0 1 11
2 0 2
1 1 11

0 0 0
0 1 0
2 0 0
1 1 0
0 0 2
0 1 11
2 0 4
1 1 12

0 0 0
0 1 0
2 0 0
1 1 0
0 0 2
0 1 11
2 0 6
1 1 13

0 0 0
0 1 0
2 0 0
1 1 0
0 0 2
0 1 11
2 0 8
1 1 14

0 0 0
0 1 0
2 0 0
1 1 0
0 0 2
0 1 11
2 0 10
1 1 15

0 0 0
0 1 0
2 0 0
1 1 0
0 0 2
0 1 12
2 0 2
1 1 12

0 0 0
0 1 0
2 0 0
1 1 0
0 0 2
0 1 12
2 0 4
1 1 13

0 0 0
0 1 0
2 0 0
1 1 0
0 0 2
0 1 12
2 0 6
1 1 14

0 0 0
0 1 0
2 0 0
1 1 0
0 0 2
0 1 12
2 0 8
1 1 15

0 0 0
0 1 0
2 0 0
1 1 0
0 0 2
0 1 13
2 0 2
1 1 13

0 0 0
0 1 0
2 0 0
1 1 0
0 0 2
0 1 13
2 0 4
1 1 14

0 0 0
0 1 0
2 0 0
1 1 0
0 0 2
0 1 13
2 0 6
1 1 15

0 0 0
0 1 0
2 0 0
1 1 0
0 0 2
0 1 13
2 0 8
1 1 16

0 0 0
0 1 0
2 0 0
1 1 0
0 0 2
0 1 14
2 0 2
1 1 14

0 0 0
0 1 0
2 0 0
1 1 0
0 0 2
0 1 14
2 0 4
1 1 15

0 0 0
0 1 0
2 0 0
1 1 0
0 0 2
0 1 14
2 0 6
1 1 16

0 0 0
0 1 0
2 0 0
1 1 0
0 0 2
0 1 15
2 0 2
1 1 15

0 0 0
0 1 0
2 0 0
1 1 0
0 0 2
0 1 15
2 0 4
1 1 16

0 0 0
0 1 0
2 0 0
1 1 0
0 0 2
0 1 15
2 0 6
1 1 17

0 0 0
0 1 0
2 0 0
1 1 0
0 0 2
0 1 16
2 0 2
1 1 16

0 0 0
0 1 0
2 0 0
1 1 0
0 0 2
0 1 16
2 0 4
1 1 17

0 0 0
0 1 0
2 0 0
1 1 0
0 0 2
0 1 17
2 0 2
1 1 17

0 0 0
0 1 0
2 0 0
1 1 0
0 0 2
0 1 17
2 0 4
1 1 18

0 0 0
0 1 0
2 0 0
1 1 0
0 0 2
0 1 18
2 0 2
1 1 18

0 0 0
0 1 0
2 0 0
1 1 0
0 0 2
0 1 19
2 0 2
1 1 19

0 0 0
0 1 0
2 0 0
1 1 0
0 0 2
0 3 2
4 0 2
1 3 2

0 0 0
0 1 0
2 0 0
1 1 0
0 0 2
0 3 2
6 0 2
3 3 2

0 0 0
0 1 0
2 0 0
1 1 0
0 0 2
0 3 2
8 0 2
5 3 2

0 0 0
0 1 0
2 0 0
1 1 0
0 0 2
0 5 2
6 0 2
1 5 2

0 0 0
0 1 0
2 0 0
1 1 0
0 0 3
0 1 1
8 0 3
3 1 1

0 0 0
0 1 0
2 0 0
1 1 0
0 0 3
0 1 1
11 0 3
4 1 1

0 0 0
0 1 0
2 0 0
1 1 0
0 0 3
0 1 1
14 0 3
5 1 1

0 0 0
0 1 0
2 0 0
1 1 0
0 0 3
0 1 1
2 0 7
1 1 3

0 0 0
0 1 0
2 0 0
1 1 0
0 0 3
0 1 1
2 0 9
1 1 4

0 0 0
0 1 0
2 0 0
1 1 0
0 0 3
0 1 1
2 0 11
1 1 5

0 0 0
0 1 0
2 0 0
1 1 0
0 0 3
0 1 1
2 0 13
1 1 6

0 0 0
0 1 0
2 0 0
1 1 0
0 0 3
0 1 1
2 0 15
1 1 7

0 0 0
0 1 0
2 0 0
1 1 0
0 0 3
0 1 1
2 0 17
1 1 8

0 0 0
0 1 0
2 0 0
1 1 0
0 0 3
0 1 1
2 0 19
1 1 9

0 0 0
0 1 0
2 0 0
1 1 0
0 0 3
0 1 2
2 0 3
1 1 2

0 0 0
0 1 0
2 0 0
1 1 0
0 0 3
0 1 2
5 0 3
3 1 2

0 0 0
0 1 0
2 0 0
1 1 0
0 0 3
0 1 2
8 0 3
5 1 2

0 0 0
0 1 0
2 0 0
1 1 0
0 0 3
0 1 2
11 0 3
7 1 2

0 0 0
0 1 0
2 0 0
1 1 0
0 0 3
0 1 2
2 0 5
1 1 3

0 0 0
0 1 0
2 0 0
1 1 0
0 0 3
0 1 2
2 0 7
1 1 4

0 0 0
0 1 0
2 0 0
1 1 0
0 0 3
0 1 2
2 0 9
1 1 5

0 0 0
0 1 0
2 0 0
1 1 0
0 0 3
0 1 2
2 0 11
1 1 6

0 0 0
0 1 0
2 0 0
1 1 0
0 0 3
0 1 2
2 0 13
1 1 7

0 0 0
0 1 0
2 0 0
1 1 0
0 0 3
0 1 2
2 0 15
1 1 8

0 0 0
0 1 0
2 0 0
1 1 0
0 0 3
0 1 2
2 0 17
1 1 9

0 0 0
0 1 0
2 0 0
1 1 0
0 0 3
0 1 2
2 0 19
1 1 10

0 0 0
0 1 0
2 0 0
1 1 0
0 0 3
0 1 3
2 0 3
1 1 3

0 0 0
0 1 0
2 0 0
1 1 0
0 0 3
0 1 3
5 0 3
4 1 3

0 0 0
0 1 0
2 0 0
1 1 0
0 0 3
0 1 3
8 0 3
7 1 3

0 0 0
0 1 0
2 0 0
1 1 0
0 0 3
0 1 3
2 0 5
1 1 4

0 0 0
0 1 0
2 0 0
1 1 0
0 0 3
0 1 3
2 0 7
1 1 5

0 0 0
0 1 0
2 0 0
1 1 0
0 0 3
0 1 3
2 0 9
1 1 6

0 0 0
0 1 0
2 0 0
1 1 0
0 0 3
0 1 3
2 0 11
1 1 7

0 0 0
0 1 0
2 0 0
1 1 0
0 0 3
0 1 3
2 0 13
1 1 8

0 0 0
0 1 0
2 0 0
1 1 0
0 0 3
0 1 3
2 0 15
1 1 9

0 0 0
0 1 0
2 0 0
1 1 0
0 0 3
0 1 3
2 0 17
1 1 10

0 0 0
0 1 0
2 0 0
1 1 0
0 0 3
0 1 4
2 0 3
1 1 4

0 0 0
0 1 0
2 0 0
1 1 0
0 0 3
0 1 4
5 0 3
5 1 4

0 0 0
0 1 0
2 0 0
1 1 0
0 0 3
0 1 4
2 0 5
1 1 5

0 0 0
0 1 0
2 0 0
1 1 0
0 0 3
0 1 4
2 0 7
1 1 6

0 0 0
0 1 0
2 0 0
1 1 0
0 0 3
0 1 4
2 0 9
1 1 7

0 0 0
0 1 0
2 0 0
1 1 0
0 0 3
0 1 4
2 0 11
1 1 8

0 0 0
0 1 0
2 0 0
1 1 0
0 0 3
0 1 4
2 0 13
1 1 9

0 0 0
0 1 0
2 0 0
1 1 0
0 0 3
0 1 4
2 0 15
1 1 10

0 0 0
0 1 0
2 0 0
1 1 0
0 0 3
0 1 4
2 0 17
1 1 11

0 0 0
0 1 0
2 0 0
1 1 0
0 0 3
0 1 5
2 0 3
1 1 5

0 0 0
0 1 0
2 0 0
1 1 0
0 0 3
0 1 5
5 0 3
6 1 5

0 0 0
0 1 0
2 0 0
1 1 0
0 0 3
0 1 5
2 0 5
1 1 6

0 0 0
0 1 0
2 0 0
1 1 0
0 0 3
0 1 5
2 0 7
1 1 7

0 0 0
0 1 0
2 0 0
1 1 0
0 0 3
0 1 5
2 0 9
1 1 8

0 0 0
0 1 0
2 0 0
1 1 0
0 0 3
0 1 5
2 0 11
1 1 9

0 0 0
0 1 0
2 0 0
1 1 0
0 0 3
0 1 5
2 0 13
1 1 10

0 0 0
0 1 0
2 0 0
1 1 0
0 0 3
0 1 5
2 0 15
1 1 11

0 0 0
0 1 0
2 0 0
1 1 0
0 0 3
0 1 6
2 0 3
1 1 6

0 0 0
0 1 0
2 0 0
1 1 0
0 0 3
0 1 6
2 0 5
1 1 7

0 0 0
0 1 0
2 0 0
1 1 0
0 0 3
0 1 6
2 0 7
1 1 8

0 0 0
0 1 0
2 0 0
1 1 0
0 0 3
0 1 6
2 0 9
1 1 9

0 0 0
0 1 0
2 0 0
1 1 0
0 0 3
0 1 6
2 0 11
1 1 10

0 0 0
0 1 0
2 0 0
1 1 0
0 0 3
0 1 6
2 0 13
1 1 11

0 0 0
0 1 0
2 0 0
1 1 0
0 0 3
0 1 6
2 0 15
1 1 12

0 0 0
0 1 0
2 0 0
1 1 0
0 0 3
0 1 7
2 0 3
1 1 7

0 0 0
0 1 0
2 0 0
1 1 0
0 0 3
0 1 7
2 0 5
1 1 8

0 0 0
0 1 0
2 0 0
1 1 0
0 0 3
0 1 7
2 0 7
1 1 9

0 0 0
0 1 0
2 0 0
1 1 0
0 0 3
0 1 7
2 0 9
1 1 10

0 0 0
0 1 0
2 0 0
1 1 0
0 0 3
0 1 7
2 0 11
1 1 11

0 0 0
0 1 0
2 0 0
1 1 0
0 0 3
0 1 7
2 0 13
1 1 12

0 0 0
0 1 0
2 0 0
1 1 0
0 0 3
0 1 8
2 0 3
1 1 8

0 0 0
0 1 0
2 0 0
1 1 0
0 0 3
0 1 8
2 0 5
1 1 9

0 0 0
0 1 0
2 0 0
1 1 0
0 0 3
0 1 8
2 0 7
1 1 10

0 0 0
0 1 0
2 0 0
1 1 0
0 0 3
0 1 8
2 0 9
1 1 11

0 0 0
0 1 0
2 0 0
1 1 0
0 0 3
0 1 8
2 0 11
1 1 12

0 0 0
0 1 0
2 0 0
1 1 0
0 0 3
0 1 8
2 0 13
1 1 13

0 0 0
0 1 0
2 0 0
1 1 0
0 0 3
0 1 9
2 0 3
1 1 9

0 0 0
0 1 0
2 0 0
1 1 0
0 0 3
0 1 9
2 0 5
1 1 10

0 0 0
0 1 0
2 0 0
1 1 0
0 0 3
0 1 9
2 0 7
1 1 11

0 0 0
0 1 0
2 0 0
1 1 0
0 0 3
0 1 9
2 0 9
1 1 12

0 0 0
0 1 0
2 0 0
1 1 0
0 0 3
0 1 9
2 0 11
1 1 13

0 0 0
0 1 0
2 0 0
1 1 0
0 0 3
0 1 10
2 0 3
1 1 10

0 0 0
0 1 0
2 0 0
1 1 0
0 0 3
0 1 10
2 0 5
1 1 11

0 0 0
0 1 0
2 0 0
1 1 0
0 0 3
0 1 10
2 0 7
1 1 12

0 0 0
0 1 0
2 0 0
1 1 0
0 0 3
0 1 10
2 0 9
1 1 13

0 0 0
0 1 0
2 0 0
1 1 0
0 0 3
0 1 10
2 0 11
1 1 14

0 0 0
0 1 0
2 0 0
1 1 0
0 0 3
0 1 11
2 0 3
1 1 11

0 0 0
0 1 0
2 0 0
1 1 0
0 0 3
0 1 11
2 0 5
1 1 12

0 0 0
0 1 0
2 0 0
1 1 0
0 0 3
0 1 11
2 0 7
1 1 13

0 0 0
0 1 0
2 0 0
1 1 0
0 0 3
0 1 11
2 0 9
1 1 14

0 0 0
0 1 0
2 0 0
1 1 0
0 0 3
0 1 12
2 0 3
1 1 12

0 0 0
0 1 0
2 0 0
1 1 0
0 0 3
0 1 12
2 0 5
1 1 13

0 0 0
0 1 0
2 0 0
1 1 0
0 0 3
0 1 12
2 0 7
1 1 14

0 0 0
0 1 0
2 0 0
1 1 0
0 0 3
0 1 12
2 0 9
1 1 15

0 0 0
0 1 0
2 0 0
1 1 0
0 0 3
0 1 13
2 0 3
1 1 13

0 0 0
0 1 0
2 0 0
1 1 0
0 0 3
0 1 13
2 0 5
1 1 14

0 0 0
0 1 0
2 0 0
1 1 0
0 0 3
0 1 13
2 0 7
1 1 15

0 0 0
0 1 0
2 0 0
1 1 0
0 0 3
0 1 14
2 0 3
1 1 14

0 0 0
0 1 0
2 0 0
1 1 0
0 0 3
0 1 14
2 0 5
1 1 15

0 0 0
0 1 0
2 0 0
1 1 0
0 0 3
0 1 14
2 0 7
1 1 16

0 0 0
0 1 0
2 0 0
1 1 0
0 0 3
0 1 15
2 0 3
1 1 15

0 0 0
0 1 0
2 0 0
1 1 0
0 0 3
0 1 15
2 0 5
1 1 16

0 0 0
0 1 0
2 0 0
1 1 0
0 0 3
0 1 16
2 0 3
1 1 16

0 0 0
0 1 0
2 0 0
1 1 0
0 0 3
0 1 16
2 0 5
1 1 17

0 0 0
0 1 0
2 0 0
1 1 0
0 0 3
0 1 17
2 0 3
1 1 17

0 0 0
0 1 0
2 0 0
1 1 0
0 0 3
0 1 18
2 0 3
1 1 18

0 0 0
0 1 0
2 0 0
1 1 0
0 0 3
0 4 3
5 0 3
1 4 3

0 0 0
0 1 0
2 0 0
1 1 0
0 0 4
0 1 1
10 0 4
3 1 1

0 0 0
0 1 0
2 0 0
1 1 0
0 0 4
0 1 1
2 0 8
1 1 3

0 0 0
0 1 0
2 0 0
1 1 0
0 0 4
0 1 1
2 0 10
1 1 4

0 0 0
0 1 0
2 0 0
1 1 0
0 0 4
0 1 1
2 0 12
1 1 5

0 0 0
0 1 0
2 0 0
1 1 0
0 0 4
0 1 1
2 0 14
1 1 6

0 0 0
0 1 0
2 0 0
1 1 0
0 0 4
0 1 1
2 0 16
1 1 7

0 0 0
0 1 0
2 0 0
1 1 0
0 0 4
0 1 1
2 0 18
1 1 8

0 0 0
0 1 0
2 0 0
1 1 0
0 0 4
0 1 2
2 0 4
1 1 2

0 0 0
0 1 0
2 0 0
1 1 0
0 0 4
0 1 2
6 0 4
3 1 2

0 0 0
0 1 0
2 0 0
1 1 0
0 0 4
0 1 2
10 0 4
5 1 2

0 0 0
0 1 0
2 0 0
1 1 0
0 0 4
0 1 2
2 0 6
1 1 3

0 0 0
0 1 0
2 0 0
1 1 0
0 0 4
0 1 2
2 0 8
1 1 4

0 0 0
0 1 0
2 0 0
1 1 0
0 0 4
0 1 2
2 0 10
1 1 5

0 0 0
0 1 0
2 0 0
1 1 0
0 0 4
0 1 2
2 0 12
1 1 6

0 0 0
0 1 0
2 0 0
1 1 0
0 0 4
0 1 2
2 0 14
1 1 7

0 0 0
0 1 0
2 0 0
1 1 0
0 0 4
0 1 2
2 0 16
1 1 8

0 0 0
0 1 0
2 0 0
1 1 0
0 0 4
0 1 2
2 0 18
1 1 9

0 0 0
0 1 0
2 0 0
1 1 0
0 0 4
0 1 3
2 0 4
1 1 3

0 0 0
0 1 0
2 0 0
1 1 0
0 0 4
0 1 3
6 0 4
4 1 3

0 0 0
0 1 0
2 0 0
1 1 0
0 0 4
0 1 3
2 0 6
1 1 4

0 0 0
0 1 0
2 0 0
1 1 0
0 0 4
0 1 3
2 0 8
1 1 5

0 0 0
0 1 0
2 0 0
1 1 0
0 0 4
0 1 3
2 0 10
1 1 6

0 0 0
0 1 0
2 0 0
1 1 0
0 0 4
0 1 3
2 0 12
1 1 7

0 0 0
0 1 0
2 0 0
1 1 0
0 0 4
0 1 3
2 0 14
1 1 8

0 0 0
0 1 0
2 0 0
1 1 0
0 0 4
0 1 3
2 0 16
1 1 9

0 0 0
0 1 0
2 0 0
1 1 0
0 0 4
0 1 4
2 0 4
1 1 4

0 0 0
0 1 0
2 0 0
1 1 0
0 0 4
0 1 4
6 0 4
5 1 4

0 0 0
0 1 0
2 0 0
1 1 0
0 0 4
0 1 4
2 0 6
1 1 5

0 0 0
0 1 0
2 0 0
1 1 0
0 0 4
0 1 4
2 0 8
1 1 6

0 0 0
0 1 0
2 0 0
1 1 0
0 0 4
0 1 4
2 0 10
1 1 7

0 0 0
0 1 0
2 0 0
1 1 0
0 0 4
0 1 4
2 0 12
1 1 8

0 0 0
0 1 0
2 0 0
1 1 0
0 0 4
0 1 4
2 0 14
1 1 9

0 0 0
0 1 0
2 0 0
1 1 0
0 0 4
0 1 4
2 0 16
1 1 10

0 0 0
0 1 0
2 0 0
1 1 0
0 0 4
0 1 5
2 0 4
1 1 5

0 0 0
0 1 0
2 0 0
1 1 0
0 0 4
0 1 5
2 0 6
1 1 6

0 0 0
0 1 0
2 0 0
1 1 0
0 0 4
0 1 5
2 0 8
1 1 7

0 0 0
0 1 0
2 0 0
1 1 0
0 0 4
0 1 5
2 0 10
1 1 8

0 0 0
0 1 0
2 0 0
1 1 0
0 0 4
0 1 5
2 0 12
1 1 9

0 0 0
0 1 0
2 0 0
1 1 0
0 0 4
0 1 5
2 0 14
1 1 10

0 0 0
0 1 0
2 0 0
1 1 0
0 0 4
0 1 6
2 0 4
1 1 6

0 0 0
0 1 0
2 0 0
1 1 0
0 0 4
0 1 6
2 0 6
1 1 7

0 0 0
0 1 0
2 0 0
1 1 0
0 0 4
0 1 6
2 0 8
1 1 8

